## htsjdk.samtools.metrics.StringHeader
# CollectBaseDistributionByCycle CHART_OUTPUT=NA12775.cram.collect_base_dist_by_cycle.chart.pdf INPUT=/var/lib/cwl/stg9e7e5503-b1c1-4759-be2e-a09a23d09f4c/NA12775.cram OUTPUT=NA12775.cram.collect_base_dist_by_cycle REFERENCE_SEQUENCE=/var/lib/cwl/stg7231f919-a3d9-48e2-86bd-400b22eee12b/Homo_sapiens_assembly38.fasta    ALIGNED_READS_ONLY=false PF_READS_ONLY=false ASSUME_SORTED=true STOP_AFTER=0 VERBOSITY=INFO QUIET=false VALIDATION_STRINGENCY=STRICT COMPRESSION_LEVEL=2 MAX_RECORDS_IN_RAM=500000 CREATE_INDEX=false CREATE_MD5_FILE=false GA4GH_CLIENT_SECRETS=client_secrets.json USE_JDK_DEFLATER=false USE_JDK_INFLATER=false
## htsjdk.samtools.metrics.StringHeader
# Started on: Tue Jul 18 10:31:04 GMT 2023

## METRICS CLASS	picard.analysis.BaseDistributionByCycleMetrics
READ_END	CYCLE	PCT_A	PCT_C	PCT_G	PCT_T	PCT_N
1	1	19.164414	29.345307	29.9794	21.475473	0.035406
1	2	19.499163	28.965495	30.220806	21.301661	0.012875
1	3	18.929445	29.860306	30.072744	21.127849	0.009656
1	4	19.003476	29.837775	30.037337	21.118192	0.003219
1	5	19.170851	29.474057	30.3399	21.015192	0
1	6	18.900476	29.641432	31.23793	20.220162	0
1	7	19.203038	29.512682	30.404274	20.880005	0
1	8	18.713789	29.631775	30.639243	21.015192	0
1	9	19.244882	29.422557	30.195056	21.137505	0
1	10	18.829664	29.631775	30.436462	21.102099	0
1	11	19.032445	30.040556	30.063087	20.863911	0
1	12	18.398352	30.217587	30.587743	20.796318	0
1	13	18.395133	29.647869	30.842024	21.114974	0
1	14	18.926226	29.651088	30.121025	21.301661	0
1	15	19.209476	29.654307	30.127462	21.008755	0
1	16	18.836101	29.982619	30.555556	20.622505	0.003219
1	17	18.498133	29.383932	30.700399	21.417536	0
1	18	18.601133	30.0824	30.430024	20.886443	0
1	19	18.91657	29.461182	30.217587	21.404661	0
1	20	18.565727	30.001931	30.510493	20.921849	0
1	21	18.86507	29.931119	30.153212	21.050599	0
1	22	18.37904	30.394618	30.281962	20.94438	0
1	23	19.003476	30.040556	30.80018	20.155787	0
1	24	18.926226	29.686494	31.038367	20.348912	0
1	25	18.305008	29.860306	30.880649	20.954036	0
1	26	18.926226	29.560963	30.77443	20.73838	0
1	27	18.784602	29.64465	30.784087	20.786662	0
1	28	18.649414	30.317368	30.919274	20.113944	0
1	29	18.691258	29.715463	30.69718	20.896099	0
1	30	18.469164	30.069525	31.128492	20.332818	0
1	31	18.385477	30.681087	30.352775	20.580662	0
1	32	18.472383	30.323806	30.629587	20.574224	0
1	33	18.520664	30.166087	30.677868	20.63538	0
1	34	18.504571	30.446118	31.128492	19.920819	0
1	35	18.388696	30.327025	31.025492	20.258787	0
1	36	18.427321	30.494399	30.819493	20.258787	0
1	37	18.375821	30.742243	30.858118	20.023819	0
1	38	18.585039	30.449337	30.436462	20.529162	0
1	39	18.700914	30.024462	30.916055	20.358568	0
1	40	17.950946	30.024462	31.717523	20.307068	0
1	41	18.707352	30.140337	30.655337	20.496974	0
1	42	18.140852	30.114587	31.173555	20.571006	0
1	43	18.552852	29.943994	30.819493	20.683662	0
1	44	18.346852	30.813055	30.600618	20.239475	0
1	45	18.350071	30.355993	30.77443	20.519506	0
1	46	18.118321	30.516931	31.469679	19.895069	0
1	47	18.14729	30.787305	30.761555	20.30385	0
1	48	18.388696	30.413931	31.118836	20.078537	0
1	49	18.066821	31.411742	30.555556	19.965881	0
1	50	18.668727	30.072744	30.819493	20.439037	0
1	51	18.102227	30.191837	31.572679	20.133256	0
1	52	18.556071	30.568431	30.983649	19.89185	0
1	53	18.247071	30.648899	30.941805	20.162225	0
1	54	18.021759	30.607055	31.344148	20.0206	0.006437
1	55	18.601133	30.265868	31.421398	19.7116	0
1	56	18.150509	30.336681	31.408523	20.104287	0
1	57	18.485258	30.700399	30.613493	20.197631	0.003219
1	58	18.997039	30.281962	30.80018	19.920819	0
1	59	18.118321	30.301275	31.527617	20.052787	0
1	60	18.115102	29.924681	31.379555	20.577443	0.003219
1	61	18.395133	30.561993	30.838805	20.204068	0
1	62	17.899446	30.642462	30.755118	20.702974	0
1	63	18.182696	30.375306	31.019055	20.422943	0
1	64	18.337196	30.034119	31.579117	20.049569	0
1	65	18.720227	30.156431	31.337711	19.785632	0
1	66	18.25029	30.536243	30.964336	20.249131	0
1	67	18.076477	30.896743	30.98043	20.04635	0
1	68	18.292133	30.430024	31.105961	20.171881	0
1	69	18.073259	30.433243	31.099524	20.387537	0.006437
1	70	18.066821	30.600618	31.144586	20.187975	0
1	71	18.369383	30.433243	31.122055	20.075319	0
1	72	18.156946	31.019055	30.90318	19.920819	0
1	73	18.511008	30.217587	31.10918	20.162225	0
1	74	18.298571	30.018025	31.466461	20.216943	0
1	75	18.317883	30.114587	31.331273	20.236256	0
1	76	18.498133	30.710055	31.260461	19.531351	0
1	77	18.256727	30.700399	30.710055	20.332818	0
1	78	18.366165	30.832368	30.935368	19.862881	0.003219
1	79	18.247071	30.355993	31.218617	20.178319	0
1	80	18.388696	30.36565	31.054461	20.191194	0
1	81	18.066821	30.545899	30.784087	20.599974	0.003219
1	82	18.102227	30.36565	31.357023	20.1751	0
1	83	17.847946	30.616712	31.321617	20.168662	0.045062
1	84	18.179477	30.304493	31.685335	19.824256	0.006437
1	85	18.166602	30.240118	31.627398	19.959444	0.006437
1	86	18.556071	30.446118	30.948243	20.04635	0.003219
1	87	17.828634	31.041586	30.92893	20.197631	0.003219
1	88	18.440196	30.204712	31.26368	20.091412	0
1	89	17.970259	30.378525	31.540492	20.110725	0
1	90	18.227758	30.716493	30.906399	20.14935	0
1	91	18.22454	30.664993	30.751899	20.358568	0
1	92	18.726664	30.240118	31.067336	19.965881	0
1	93	17.802884	30.909618	31.537273	19.750225	0
1	94	18.160165	30.500837	31.369898	19.9691	0
1	95	18.485258	30.793743	30.922493	19.798507	0
1	96	17.912321	30.381743	31.376336	20.3296	0
1	97	18.440196	30.883868	30.732587	19.933694	0.009656
1	98	17.999228	30.574868	31.279773	20.133256	0.012875
1	99	18.192352	30.494399	31.070555	20.242693	0
1	100	18.369383	31.080211	30.993305	19.557101	0
1	101	17.931634	30.677868	31.205742	20.184756	0
1	102	18.053946	30.780868	30.819493	20.345693	0
1	103	17.860821	30.674649	31.089867	20.374662	0
1	104	18.111884	30.713274	31.463242	19.7116	0
1	105	17.973478	30.291618	31.958929	19.775975	0
1	106	18.240633	30.590962	31.347367	19.821038	0
1	107	18.118321	30.916055	30.916055	20.04635	0.003219
1	108	18.494914	30.3914	30.739024	20.374662	0
1	109	18.079696	30.829149	31.21218	19.878975	0
1	110	18.211665	30.471868	31.173555	20.136475	0.006437
1	111	18.202008	30.739024	31.170336	19.888631	0
1	112	18.089352	30.687524	31.128492	20.091412	0.003219
1	113	18.189134	31.067336	31.360242	19.383288	0
1	114	18.375821	30.700399	31.012617	19.907944	0.003219
1	115	18.507789	30.3399	31.225055	19.924038	0.003219
1	116	18.498133	30.581306	31.466461	19.454101	0
1	117	18.079696	30.893524	30.986868	20.039912	0
1	118	18.366165	30.690743	30.542681	20.400412	0
1	119	18.234196	31.118836	30.986868	19.6601	0
1	120	17.886571	30.822711	31.173555	20.110725	0.006437
1	121	17.905884	31.218617	30.716493	20.152569	0.006437
1	122	17.802884	30.986868	31.221836	19.985194	0.003219
1	123	17.799665	30.787305	30.983649	20.419724	0.009656
1	124	18.063602	30.842024	31.205742	19.869319	0.019312
1	125	18.131196	30.964336	31.147805	19.750225	0.006437
1	126	18.086134	30.648899	31.524398	19.734132	0.006437
1	127	18.308227	30.69718	31.215398	19.779194	0
1	128	18.12154	30.764774	31.64671	19.463757	0.003219
1	129	17.91554	30.648899	31.402086	20.030256	0.003219
1	130	18.160165	31.022274	31.16068	19.653663	0.003219
1	131	17.751384	30.623149	31.514742	20.101069	0.009656
1	132	17.802884	30.742243	31.569461	19.882194	0.003219
1	133	18.263165	30.690743	31.389211	19.656882	0
1	134	18.108665	30.887086	31.054461	19.949788	0
1	135	18.189134	30.327025	31.649929	19.833913	0
1	136	18.102227	31.405304	30.684305	19.808163	0
1	137	18.160165	30.494399	31.501867	19.843569	0
1	138	17.790009	30.368868	31.485773	20.352131	0.003219
1	139	18.07004	30.642462	30.880649	20.406849	0
1	140	17.670915	31.147805	31.440711	19.740569	0
1	141	18.565727	30.446118	30.85168	20.136475	0
1	142	17.783572	30.970774	30.758337	20.480881	0.006437
1	143	18.153727	30.755118	31.10918	19.978756	0.003219
1	144	17.667697	30.848461	31.64671	19.837131	0
1	145	17.909103	30.916055	31.10918	20.065662	0
1	146	17.983134	30.896743	31.450367	19.6601	0.009656
1	147	18.037852	30.883868	30.842024	20.236256	0
1	148	18.047509	31.585554	30.941805	19.421913	0.003219
1	149	18.14729	31.405304	30.600618	19.846788	0
1	150	18.382258	30.906399	31.324836	19.386507	0
2	151	19.589288	28.872151	29.844213	21.671817	0.022531
2	152	19.367195	29.152182	29.966525	21.494786	0.019312
2	153	18.601133	29.702588	30.681087	21.011974	0.003219
2	154	18.935883	29.416119	30.558774	21.079567	0.009656
2	155	19.061414	29.206901	30.127462	21.594567	0.009656
2	156	18.449852	30.162869	30.874211	20.500193	0.012875
2	157	19.035664	29.403244	30.690743	20.860693	0.009656
2	158	19.04532	29.921463	30.066306	20.954036	0.012875
2	159	18.874726	29.680057	30.574868	20.860693	0.009656
2	160	19.470194	29.573838	30.500837	20.439037	0.016094
2	161	18.964851	29.606025	30.777649	20.632162	0.019312
2	162	18.765289	29.8764	30.513712	20.822068	0.022531
2	163	18.868289	29.705807	30.053431	21.349942	0.022531
2	164	18.765289	29.9279	30.327025	20.94438	0.035406
2	165	19.032445	29.007339	30.803399	21.111755	0.045062
2	166	18.76207	29.531994	30.787305	20.873568	0.045062
2	167	18.543196	29.985838	30.574868	20.851036	0.045062
2	168	18.810351	29.64465	30.69718	20.793099	0.054719
2	169	18.78782	29.264838	30.481524	21.404661	0.061156
2	170	19.280288	29.943994	30.404274	20.313506	0.057937
2	171	18.443414	30.072744	30.555556	20.873568	0.054719
2	172	18.691258	29.692932	30.95468	20.596756	0.064375
2	173	18.688039	29.779838	30.668212	20.805974	0.057937
2	174	18.662289	30.323806	30.397837	20.558131	0.057937
2	175	18.559289	30.00515	30.272306	21.105317	0.057937
2	176	18.765289	29.940775	30.384962	20.851036	0.057937
2	177	18.446633	29.940775	30.916055	20.638599	0.057937
2	178	18.501352	29.625338	31.183211	20.632162	0.057937
2	179	18.237415	30.310931	30.919274	20.471224	0.061156
2	180	18.984164	29.770182	30.616712	20.571006	0.057937
2	181	18.433758	30.298056	30.92893	20.281318	0.057937
2	182	18.588258	30.098494	30.787305	20.461568	0.064375
2	183	18.243852	30.481524	30.742243	20.474443	0.057937
2	184	18.646195	29.873181	30.858118	20.561349	0.061156
2	185	18.456289	29.741213	31.157461	20.580662	0.064375
2	186	18.356508	30.162869	30.932149	20.480881	0.067594
2	187	18.253508	29.982619	31.299086	20.397193	0.067594
2	188	18.305008	30.571649	30.813055	20.239475	0.070812
2	189	18.333977	30.172525	30.973993	20.445474	0.074031
2	190	18.285696	30.497618	31.286211	19.859663	0.070812
2	191	18.76207	30.10815	31.157461	19.898288	0.074031
2	192	18.601133	30.394618	30.690743	20.236256	0.07725
2	193	17.979915	30.166087	30.935368	20.834943	0.083687
2	194	18.488477	30.291618	31.064117	20.062444	0.093344
2	195	18.340415	30.761555	30.423587	20.352131	0.122312
2	196	17.738509	30.906399	30.996524	20.255568	0.103
2	197	17.822196	30.130681	31.604867	20.307068	0.135187
2	198	18.144071	29.992275	31.414961	20.35535	0.093344
2	199	17.870478	30.31415	31.398867	20.287756	0.12875
2	200	18.263165	30.574868	31.357023	19.68585	0.119094
2	201	18.446633	30.21115	30.848461	20.345693	0.148062
2	202	18.111884	30.809836	30.893524	20.056006	0.12875
2	203	18.19879	30.426806	31.131711	20.113944	0.12875
2	204	18.256727	30.26265	30.986868	20.361787	0.131969
2	205	18.263165	30.265868	31.070555	20.2781	0.122312
2	206	18.221321	30.368868	31.128492	20.146131	0.135187
2	207	18.317883	30.111369	31.31518	20.130037	0.125531
2	208	18.066821	30.26265	31.131711	20.413287	0.125531
2	209	18.247071	30.359212	31.260461	20.001287	0.131969
2	210	18.189134	30.742243	30.777649	20.162225	0.12875
2	211	17.983134	30.252993	31.382773	20.236256	0.144844
2	212	18.533539	30.378525	30.835586	20.107506	0.144844
2	213	17.957384	30.545899	31.591992	19.759882	0.144844
2	214	18.498133	30.166087	30.916055	20.271662	0.148062
2	215	17.793228	30.085619	31.72396	20.242693	0.1545
2	216	18.388696	30.655337	30.961118	19.830694	0.164156
2	217	17.979915	30.912836	31.070555	19.872538	0.164156
2	218	18.414446	30.74868	30.945024	19.7116	0.18025
2	219	18.092571	30.584524	30.925711	20.229818	0.167375
2	220	18.105446	30.446118	31.022274	19.689069	0.737093
2	221	18.269602	30.275525	31.305523	19.981975	0.167375
2	222	18.050727	30.835586	31.39243	19.531351	0.189906
2	223	18.295352	30.69718	30.755118	20.056006	0.196344
2	224	17.741728	30.639243	31.376336	20.052787	0.189906
2	225	18.102227	30.735805	30.977211	19.998069	0.186687
2	226	18.30179	30.063087	31.514742	19.936913	0.183469
2	227	18.230977	30.658555	31.128492	19.811381	0.170594
2	228	17.696665	29.779838	30.265868	19.775975	2.481653
2	229	17.954165	30.793743	30.693962	20.35535	0.202781
2	230	18.127977	31.16068	30.780868	19.750225	0.18025
2	231	17.773915	29.783057	30.069525	19.878975	2.494528
2	232	18.372602	30.066306	31.694992	19.589288	0.276812
2	233	17.744947	30.140337	30.281962	19.351101	2.481653
2	234	17.928415	30.137119	30.362431	19.074289	2.497747
2	235	17.957384	30.442899	31.463242	19.933694	0.202781
2	236	18.185915	30.600618	31.318398	19.692288	0.202781
2	237	18.050727	30.127462	31.472898	19.415476	0.933436
2	238	17.754603	29.757307	30.835586	19.167632	2.484872
2	239	18.047509	30.536243	30.92893	20.262006	0.225312
2	240	17.751384	30.207931	31.849491	19.978756	0.212437
2	241	17.452041	30.378525	31.141367	20.101069	0.926999
2	242	17.976696	30.294837	31.814085	19.689069	0.225312
2	243	18.192352	30.188619	31.231492	19.457319	0.930218
2	244	17.912321	30.446118	31.334492	20.094631	0.212437
2	245	17.831853	30.636024	30.462212	20.126819	0.943093
2	246	17.670915	30.539462	31.369898	19.450882	0.968843
2	247	17.522853	29.972963	30.397837	19.595726	2.510622
2	248	17.783572	30.127462	31.839835	20.001287	0.247843
2	249	18.292133	30.153212	31.302305	20.0206	0.23175
2	250	17.83829	30.925711	31.273336	19.727694	0.234968
2	251	18.092571	30.343118	31.344148	19.978756	0.241406
2	252	18.111884	30.674649	31.21218	19.7631	0.238187
2	253	18.269602	30.571649	31.250805	19.672975	0.234968
2	254	18.475602	30.475087	31.382773	19.409038	0.2575
2	255	18.440196	30.816274	31.064117	19.431569	0.247843
2	256	18.308227	29.908588	31.408523	20.139694	0.234968
2	257	17.83829	30.536243	31.752929	19.627913	0.244625
2	258	18.272821	30.764774	31.028711	19.672975	0.260718
2	259	18.086134	30.407493	31.218617	20.027037	0.260718
2	260	17.918759	30.265868	31.669242	19.882194	0.263937
2	261	17.963821	30.661774	31.434273	19.666538	0.273593
2	262	18.427321	30.063087	31.891335	19.338226	0.280031
2	263	18.066821	30.771212	31.093086	19.801725	0.267156
2	264	18.07004	30.845243	31.440711	19.392945	0.251062
2	265	17.831853	30.993305	31.141367	19.756663	0.276812
2	266	18.314665	30.848461	30.732587	19.830694	0.273593
2	267	17.648384	30.568431	31.118836	19.708382	0.955968
2	268	17.934853	30.484743	31.649929	19.627913	0.302562
2	269	17.648384	31.311961	31.08343	19.663319	0.292906
2	270	17.857603	30.755118	31.337711	19.753444	0.296125
2	271	17.783572	31.244367	30.899961	19.78885	0.28325
2	272	18.028196	30.793743	31.141367	19.750225	0.286468
2	273	18.137634	30.819493	30.983649	19.775975	0.28325
2	274	17.851165	31.093086	30.87743	19.89185	0.286468
2	275	17.751384	31.054461	31.009399	19.895069	0.289687
2	276	17.976696	30.561993	31.521179	19.669757	0.270375
2	277	17.738509	30.587743	31.498648	19.888631	0.286468
2	278	17.648384	31.218617	31.476117	19.363976	0.292906
2	279	18.111884	30.681087	30.983649	19.924038	0.299343
2	280	17.481009	30.513712	31.64671	20.059225	0.299343
2	281	17.73529	30.870993	31.196086	19.907944	0.289687
2	282	17.68379	31.328055	30.896743	19.795288	0.296125
2	283	17.461697	30.787305	31.756148	19.705163	0.289687
2	284	17.35226	31.112399	31.640273	19.595726	0.299343
2	285	17.780353	30.67143	31.456804	19.795288	0.296125
2	286	18.317883	30.452556	31.337711	19.598944	0.292906
2	287	17.799665	31.231492	31.218617	19.447663	0.302562
2	288	17.316853	31.215398	31.228273	19.946569	0.292906
2	289	17.96704	31.26368	30.951461	19.518476	0.299343
2	290	17.777134	31.170336	31.292648	19.473413	0.286468
2	291	17.664478	30.935368	31.125274	19.99485	0.280031
2	292	18.086134	30.916055	31.363461	19.35432	0.280031
2	293	17.323291	31.511523	31.31518	19.569976	0.280031
2	294	18.12154	30.767993	31.472898	19.344663	0.292906
2	295	18.32754	30.220806	31.492211	19.6601	0.299343
2	296	17.76104	30.574868	31.804429	19.566757	0.292906
2	297	17.722415	30.925711	31.402086	19.656882	0.292906
2	298	18.01854	31.125274	31.076992	19.486288	0.292906
2	299	17.593666	31.453586	30.983649	19.679413	0.289687
2	300	17.857603	30.597399	31.099524	20.152569	0.292906


