## htsjdk.samtools.metrics.StringHeader
# CollectBaseDistributionByCycle CHART_OUTPUT=NA20752.cram.collect_base_dist_by_cycle.chart.pdf INPUT=/var/lib/cwl/stg17333f0b-5b3c-4fb7-9702-a6ebe9de82a1/NA20752.cram OUTPUT=NA20752.cram.collect_base_dist_by_cycle REFERENCE_SEQUENCE=/var/lib/cwl/stgc2ca5fdb-d815-4182-b751-1c96c1c6ae51/Homo_sapiens_assembly38.fasta    ALIGNED_READS_ONLY=false PF_READS_ONLY=false ASSUME_SORTED=true STOP_AFTER=0 VERBOSITY=INFO QUIET=false VALIDATION_STRINGENCY=STRICT COMPRESSION_LEVEL=2 MAX_RECORDS_IN_RAM=500000 CREATE_INDEX=false CREATE_MD5_FILE=false GA4GH_CLIENT_SECRETS=client_secrets.json USE_JDK_DEFLATER=false USE_JDK_INFLATER=false
## htsjdk.samtools.metrics.StringHeader
# Started on: Wed Jul 19 02:01:50 GMT 2023

## METRICS CLASS	picard.analysis.BaseDistributionByCycleMetrics
READ_END	CYCLE	PCT_A	PCT_C	PCT_G	PCT_T	PCT_N
1	1	19.002705	29.459094	30.973631	20.564571	0
1	2	18.41785	30.175794	30.567951	20.787694	0.05071
1	3	18.718729	29.259635	30.780933	21.237323	0.003381
1	4	18.7762	29.43881	30.977011	20.807978	0
1	5	18.941853	29.79716	30.15551	21.105477	0
1	6	18.515889	29.550372	30.953347	20.977011	0.003381
1	7	18.884381	29.885057	30.551048	20.679513	0
1	8	18.887762	29.344151	30.439486	21.3286	0
1	9	18.810007	29.073698	31.068289	21.048005	0
1	10	18.708587	29.773496	30.801217	20.7167	0
1	11	19.043272	28.843813	31.37931	20.730223	0.003381
1	12	18.252197	29.672076	31.206897	20.86883	0
1	13	18.955375	29.070318	30.706558	21.267748	0
1	14	18.806626	29.405003	31.183232	20.605139	0
1	15	19.053414	29.195402	30.909398	20.841785	0
1	16	19.006085	29.472617	30.659229	20.862069	0
1	17	18.739013	29.513185	31.230561	20.517241	0
1	18	18.914807	29.222448	30.838404	21.024341	0
1	19	18.72211	29.060176	31.37593	20.841785	0
1	20	18.637593	29.151454	30.963489	21.247465	0
1	21	18.509128	29.394861	30.933063	21.162948	0
1	22	18.901285	29.64503	30.949966	20.503719	0
1	23	18.62407	29.330629	31.142664	20.902637	0
1	24	18.482082	29.672076	30.936444	20.909398	0
1	25	18.441515	29.43881	31.551724	20.567951	0
1	26	18.404327	29.222448	31.338742	21.034483	0
1	27	18.127113	30	31.436782	20.436105	0
1	28	18.387424	30.040568	31.014199	20.557809	0
1	29	18.106829	30.010142	31.450304	20.432725	0
1	30	18.837052	30.233266	30.280595	20.649087	0
1	31	18.242055	30.15213	30.953347	20.652468	0
1	32	18.830291	30.283976	30.598377	20.287356	0
1	33	18.701826	29.48952	31.507776	20.300879	0
1	34	18.289385	30.165652	31.142664	20.402299	0
1	35	18.823529	29.807302	31.247465	20.121704	0
1	36	18.326572	30.189317	31.352265	20.131846	0
1	37	18.157539	29.918864	31.392833	20.530764	0
1	38	18.434753	29.84787	31.352265	20.365112	0
1	39	18.458418	30.246788	31.007437	20.287356	0
1	40	18.529412	30.219743	30.946586	20.30426	0
1	41	18.749155	30.033807	31.044625	20.172414	0
1	42	18.627451	29.48952	31.146045	20.736984	0
1	43	18.434753	30.233266	31.125761	20.20622	0
1	44	18.546315	30.824882	30.456389	20.172414	0
1	45	18.553076	30.229885	30.86545	20.351589	0
1	46	18.62407	29.59432	31.240703	20.540906	0
1	47	18.380663	30.05071	31.406356	20.162272	0
1	48	18.022312	30.020284	31.720757	20.236646	0
1	49	18.36714	29.912103	30.91616	20.804598	0
1	50	18.089926	30.209601	31.129141	20.571332	0
1	51	18.258959	30.067613	31.041244	20.632184	0
1	52	18.397566	30.135227	31.288032	20.179175	0
1	53	18.272481	30.189317	31.494253	20.043949	0
1	54	18.245436	30.25355	31.264368	20.236646	0
1	55	18.404327	30.480054	31.304936	19.810683	0
1	56	17.95808	30.652468	30.855308	20.534145	0
1	57	18.201487	30.104801	31.061528	20.632184	0
1	58	17.927654	30.165652	31.974307	19.932387	0
1	59	18.181204	30.889114	30.787694	20.141988	0
1	60	18.488844	30.060852	30.821501	20.628803	0
1	61	18.46856	29.871535	31.626099	20.033807	0
1	62	18.600406	29.658553	31.37931	20.361731	0
1	63	18.06288	30.010142	31.933739	19.993239	0
1	64	18.884381	29.834348	31.162948	20.118323	0
1	65	18.323191	29.939148	31.176471	20.56119	0
1	66	17.832995	30.453009	31.440162	20.273834	0
1	67	18.093306	30.402299	31.051386	20.453009	0
1	68	18.51927	30.659229	30.537525	20.283976	0
1	69	18.350237	30.023665	30.922921	20.703178	0
1	70	18.275862	30.334686	31.115619	20.273834	0
1	71	18.536173	29.952671	31.690331	19.820825	0
1	72	18.350237	30.060852	31.233942	20.35497	0
1	73	17.96146	30.672752	31.085193	20.280595	0
1	74	18.350237	29.661934	31.47735	20.51048	0
1	75	18.248817	30.131846	31.501014	20.118323	0
1	76	18.130494	30.233266	31.369168	20.267072	0
1	77	18.387424	30.165652	31.497634	19.94929	0
1	78	18.451657	30.35497	30.936444	20.25693	0
1	79	17.927654	30.574713	31.230561	20.267072	0
1	80	18.11021	30.037187	31.47735	20.375254	0
1	81	18.654496	30.260311	30.618661	20.466531	0
1	82	17.559162	30.500338	31.291413	20.649087	0
1	83	17.981744	29.969574	31.186613	20.862069	0
1	84	18.536173	30.40568	31.068289	19.989858	0
1	85	18.221771	30.753888	30.882353	20.141988	0
1	86	18.782961	30.006761	30.527383	20.682894	0
1	87	18.478702	30.263692	30.987153	20.270453	0
1	88	17.860041	30.56119	31.463827	20.114943	0
1	89	18.566599	30.436105	30.889114	20.108181	0
1	90	18.194726	30.226504	31.210277	20.368492	0
1	91	18.488844	30.395538	31.311697	19.803922	0
1	92	18.431373	29.996619	31.352265	20.219743	0
1	93	18.36714	29.983097	31.156187	20.493577	0
1	94	18.471941	30.520622	31.17309	19.834348	0
1	95	17.920892	30.327924	31.592292	20.158891	0
1	96	18.187965	30.175794	31.521298	20.114943	0
1	97	18.154158	30.527383	30.96687	20.351589	0
1	98	18.194726	30.229885	31.457066	20.118323	0
1	99	18.745774	29.874915	31.176471	20.20284	0
1	100	18.187965	31.085193	31.027721	19.699121	0
1	101	18.607167	29.935767	31.592292	19.864773	0
1	102	18.52265	29.868154	31.355646	20.25355	0
1	103	18.377282	30.375254	31.098715	20.148749	0
1	104	18.46856	30.936444	31.034483	19.560514	0
1	105	18.262339	29.817444	31.599053	20.321163	0
1	106	18.255578	30.851927	30.983773	19.908722	0
1	107	18.576741	30.043949	31.210277	20.169033	0
1	108	18.52265	30.949966	30.956728	19.570656	0
1	109	18.252197	30.172414	30.76403	20.811359	0
1	110	18.816768	29.94929	31.034483	20.199459	0
1	111	17.96146	30.757268	31.004057	20.277214	0
1	112	18.414469	30.189317	31.162948	20.233266	0
1	113	17.978364	30.689655	30.892495	20.439486	0
1	114	18.478702	30.226504	30.895876	20.398918	0
1	115	18.157539	30.324544	31.007437	20.51048	0
1	116	18.495605	30.936444	30.997295	19.570656	0
1	117	18.705206	30.388776	30.699797	20.20622	0
1	118	18.282623	30.618661	30.885734	20.212982	0
1	119	18.130494	30.023665	31.609195	20.236646	0
1	120	18.356998	30.456389	31.206897	19.979716	0
1	121	18.089926	30.686275	31.42664	19.79716	0
1	122	18.039216	30.56119	30.895876	20.503719	0
1	123	18.076403	30.902637	30.912779	20.108181	0
1	124	17.795808	30.331305	31.507776	20.365112	0
1	125	18.086545	30.351589	31.37593	20.185936	0
1	126	18.41785	30.730223	30.943205	19.908722	0
1	127	17.971602	30.463151	31.210277	20.35497	0
1	128	17.579446	30.706558	31.673428	20.040568	0
1	129	18.668019	30.341447	31.240703	19.749831	0
1	130	17.974983	30.557809	31.17309	20.294118	0
1	131	17.90737	31.200135	31.024341	19.868154	0
1	132	17.728195	31.095335	31.112238	20.064233	0
1	133	18.438134	30.300879	31.304936	19.956051	0
1	134	17.991886	30.172414	31.808654	20.027045	0
1	135	18.438134	31.098715	30.862069	19.601082	0
1	136	17.846518	31.014199	31.078431	20.060852	0
1	137	18.100068	30.608519	31.17309	20.118323	0
1	138	18.512508	30.35835	31.457066	19.672076	0
1	139	18.21501	30.794456	30.960108	20.030426	0
1	140	18.174442	30.422583	31.517918	19.885057	0
1	141	17.691007	31.298174	30.591616	20.419202	0
1	142	18.049358	30.686275	31.254226	20.010142	0
1	143	17.795808	30.35835	31.419878	20.425963	0
1	144	17.718053	30.821501	31.649763	19.810683	0
1	145	17.731575	30.682894	31.643002	19.942529	0
1	146	17.582826	30.676133	31.629479	20.111562	0
1	147	18.181204	31.230561	31.075051	19.513185	0
1	148	18.045977	30.936444	31.48073	19.536849	0
1	149	18.052738	30.425963	31.643002	19.878296	0
1	150	18.252197	30.882353	31.389452	19.475997	0
2	151	19.141312	29.208925	30.263692	21.315078	0.070994
2	152	18.739013	29.672076	30.703178	20.875592	0.010142
2	153	19.523327	28.97904	30.148749	21.348884	0
2	154	18.637593	30.131846	30.270453	20.960108	0
2	155	19.215686	28.779581	30.412441	21.592292	0
2	156	18.590264	29.354293	31.386072	20.669371	0
2	157	18.41785	29.753212	30.929682	20.899256	0
2	158	19.276538	29.121028	30.027045	21.575389	0
2	159	18.823529	29.310345	31.240703	20.625423	0
2	160	18.576741	29.617985	30.76403	21.037863	0.003381
2	161	19.016227	29.070318	30.922921	20.990534	0
2	162	18.935091	29.584178	30.432725	21.048005	0
2	163	18.563218	29.550372	30.40568	21.48073	0
2	164	19.019608	29.580798	30.382015	21.017579	0
2	165	18.955375	29.421907	30.682894	20.939824	0
2	166	18.904665	29.486139	30.591616	21.017579	0
2	167	18.407708	29.74307	30.983773	20.86545	0
2	168	18.735632	29.601082	30.250169	21.413117	0
2	169	18.897904	29.648411	30.496957	20.956728	0
2	170	18.681542	29.334009	30.760649	21.2238	0
2	171	18.887762	29.087221	30.851927	21.162948	0.010142
2	172	18.708587	29.567275	31.183232	20.540906	0
2	173	18.82691	29.313725	30.96687	20.892495	0
2	174	18.6714	29.475997	31.189993	20.66261	0
2	175	19.087221	29.651792	30.233266	21.027721	0
2	176	18.684922	29.64503	31.041244	20.628803	0
2	177	18.647735	30.361731	30.412441	20.578093	0
2	178	18.664638	29.837728	31.010818	20.486815	0
2	179	18.72211	30.114943	30.845166	20.317782	0
2	180	18.711968	29.580798	31.07167	20.635565	0
2	181	18.1643	29.655172	31.764706	20.415822	0
2	182	18.498986	29.878296	30.939824	20.682894	0
2	183	18.607167	29.69236	31.159567	20.540906	0
2	184	18.245436	30.199459	31.095335	20.45977	0
2	185	18.745774	29.966193	31.098715	20.189317	0
2	186	18.806626	29.624746	30.939824	20.628803	0
2	187	18.739013	29.729547	30.936444	20.594997	0
2	188	18.485463	29.74307	31.575389	20.196078	0
2	189	18.539554	29.925625	31.348884	20.185936	0
2	190	18.36714	30.449628	31.02096	20.162272	0
2	191	18.242055	29.94929	31.578769	20.229885	0
2	192	18.72211	29.665314	31.105477	20.507099	0
2	193	18.414469	29.787018	31.196755	20.601758	0
2	194	18.096687	29.895199	31.315078	20.693036	0
2	195	18.823529	30.070994	31.075051	20.030426	0
2	196	18.945233	30.40568	30.551048	20.098039	0
2	197	17.893847	30.456389	31.237323	20.412441	0
2	198	18.796484	29.492901	31.132522	20.578093	0
2	199	18.681542	30.030426	31.152806	20.135227	0
2	200	18.377282	30.243408	30.899256	20.480054	0
2	201	18.120352	29.69236	31.575389	20.6119	0
2	202	18.252197	29.84449	31.501014	20.402299	0
2	203	18.333333	30.118323	31.413117	20.135227	0
2	204	18.279243	30.314402	31.237323	20.169033	0
2	205	18.198107	29.732928	31.605815	20.453009	0.010142
2	206	18.637593	30.010142	30.936444	20.415822	0
2	207	18.0595	30.449628	31.602434	19.888438	0
2	208	18.373901	29.922245	30.983773	20.720081	0
2	209	17.920892	30.571332	31.348884	20.158891	0
2	210	18.137255	30.084517	31.53144	20.246788	0
2	211	18.414469	29.956051	31.423259	20.20622	0
2	212	17.701149	30.483435	31.707235	20.108181	0
2	213	18.306288	29.820825	31.298174	20.574713	0
2	214	18.739013	30.283976	31.044625	19.932387	0
2	215	17.897228	30.436105	31.331981	20.334686	0
2	216	18.130494	30.564571	31.064909	20.240027	0
2	217	18.333333	30.540906	31.064909	20.060852	0
2	218	18.309669	30.003381	31.132522	20.554429	0
2	219	17.944557	30.311021	31.260987	20.483435	0
2	220	18.133874	30.317782	31.240703	20.30764	0
2	221	18.326572	30.933063	30.649087	20.081136	0.010142
2	222	18.187965	30.432725	31.02096	20.35835	0
2	223	18.691684	29.665314	31.646383	19.996619	0
2	224	18.377282	30.223124	31.288032	20.111562	0
2	225	18.279243	30.513861	30.838404	20.368492	0
2	226	18.373901	30.290737	30.997295	20.338066	0
2	227	18.201487	30.270453	31.680189	19.84787	0
2	228	18.356998	29.868154	31.37931	20.395538	0
2	229	18.289385	30.30764	30.997295	20.40568	0
2	230	18.630832	30.348208	30.7167	20.30426	0
2	231	17.951318	31.125761	30.889114	20.023665	0.010142
2	232	17.900609	30.094659	31.747803	20.25693	0
2	233	18.157539	30.838404	30.689655	20.314402	0
2	234	18.299527	30.547667	31.260987	19.891819	0
2	235	18.363759	29.888438	31.402975	20.344828	0
2	236	18.488844	30.311021	31.697093	19.503043	0
2	237	18.678161	30.689655	31.091954	19.54023	0
2	238	18.225152	30.682894	30.926302	20.165652	0
2	239	18.637593	30.15213	30.858688	20.351589	0
2	240	18.005409	30.601758	31.47735	19.915483	0
2	241	18.326572	30.513861	31.064909	20.094659	0
2	242	18.461799	30.25355	31.450304	19.834348	0
2	243	17.670723	31.098715	30.797836	20.432725	0
2	244	17.532116	30.81812	31.267748	20.382015	0
2	245	18.363759	30.192698	31.118999	20.324544	0
2	246	18.089926	30.554429	31.497634	19.858012	0
2	247	17.900609	30.463151	31.362407	20.273834	0
2	248	17.778905	30.601758	31.795132	19.824206	0
2	249	18.228533	30.581474	31.105477	20.084517	0
2	250	17.998648	30.794456	30.990534	20.216362	0
2	251	17.954699	31.342123	30.696416	20.006761	0
2	252	18.100068	30.25693	31.267748	20.375254	0
2	253	18.441515	30.473293	31.382691	19.702502	0
2	254	18.002028	30.672752	31.457066	19.868154	0
2	255	18.187965	30.645707	31.048005	20.118323	0
2	256	18.336714	30.547667	31.649763	19.465855	0
2	257	18.248817	30.439486	31.203516	20.108181	0
2	258	17.974983	30.483435	31.490872	20.05071	0
2	259	18.018932	30.439486	31.419878	20.121704	0
2	260	17.819473	30.551048	31.588911	20.040568	0
2	261	18.191346	30.601758	31.186613	20.020284	0
2	262	18.154158	30.794456	31.267748	19.783638	0
2	263	18.005409	31.061528	30.899256	20.033807	0
2	264	17.829615	30.635565	31.413117	20.121704	0
2	265	18.157539	30.246788	31.409736	20.185936	0
2	266	18.21501	30.635565	31.369168	19.780257	0
2	267	17.998648	30.398918	31.118999	20.483435	0
2	268	17.812711	30.334686	31.331981	20.520622	0
2	269	18.255578	30.76741	30.804598	20.172414	0
2	270	18.363759	30.682894	31.423259	19.530088	0
2	271	17.880325	30.703178	30.926302	20.490196	0
2	272	17.650439	30.943205	31.311697	20.094659	0
2	273	17.947938	31.112238	30.693036	20.246788	0
2	274	17.812711	31.07167	31.254226	19.861393	0
2	275	18.218391	30.392157	31.680189	19.709263	0
2	276	17.5524	30.774172	31.653144	20.020284	0
2	277	17.914131	30.672752	31.548343	19.864773	0
2	278	18.015551	30.676133	31.521298	19.787018	0
2	279	17.816092	31.017579	31.284652	19.881677	0
2	280	18.225152	30.534145	31.027721	20.212982	0
2	281	17.718053	31.3286	31.440162	19.513185	0
2	282	17.782285	31.027721	31.250845	19.939148	0
2	283	17.5524	31.335362	31.501014	19.611224	0
2	284	17.816092	30.682894	31.081812	20.419202	0
2	285	17.903989	30.777552	31.825558	19.492901	0
2	286	17.701149	31.321839	31.227181	19.749831	0
2	287	17.606491	31.237323	31.051386	20.104801	0
2	288	17.799189	31.284652	30.922921	19.993239	0
2	289	17.799189	30.993915	31.544963	19.661934	0
2	290	17.59973	31.095335	31.37593	19.929006	0
2	291	17.474645	31.115619	31.578769	19.830967	0
2	292	18.042596	30.977011	31.521298	19.459094	0
2	293	17.792427	31.396214	31.301555	19.509804	0
2	294	17.572684	30.960108	31.693712	19.773496	0
2	295	17.809331	31.152806	31.095335	19.942529	0
2	296	17.630156	30.804598	31.747803	19.817444	0
2	297	17.505071	31.419878	31.159567	19.915483	0
2	298	18.255578	30.831643	31.27789	19.634888	0
2	299	17.765382	31.416498	31.186613	19.631508	0
2	300	17.80595	31.43002	31.457066	19.306964	0


