## htsjdk.samtools.metrics.StringHeader
# CollectBaseDistributionByCycle CHART_OUTPUT=NA20769.cram.collect_base_dist_by_cycle.chart.pdf INPUT=/var/lib/cwl/stga84e76ac-6ba5-457f-a72b-d724a2f4669a/NA20769.cram OUTPUT=NA20769.cram.collect_base_dist_by_cycle REFERENCE_SEQUENCE=/var/lib/cwl/stgc74b7f47-f54f-4f21-931d-d44fff887003/Homo_sapiens_assembly38.fasta    ALIGNED_READS_ONLY=false PF_READS_ONLY=false ASSUME_SORTED=true STOP_AFTER=0 VERBOSITY=INFO QUIET=false VALIDATION_STRINGENCY=STRICT COMPRESSION_LEVEL=2 MAX_RECORDS_IN_RAM=500000 CREATE_INDEX=false CREATE_MD5_FILE=false GA4GH_CLIENT_SECRETS=client_secrets.json USE_JDK_DEFLATER=false USE_JDK_INFLATER=false
## htsjdk.samtools.metrics.StringHeader
# Started on: Thu Jul 20 02:13:04 GMT 2023

## METRICS CLASS	picard.analysis.BaseDistributionByCycleMetrics
READ_END	CYCLE	PCT_A	PCT_C	PCT_G	PCT_T	PCT_N
1	1	19.215713	29.518763	29.626755	21.608396	0.030373
1	2	18.87824	29.596382	29.947354	21.453159	0.124865
1	3	18.540767	29.474892	30.652673	21.328294	0.003375
1	4	18.797246	30.230832	30.30845	20.663472	0
1	5	19.124595	29.285907	30.203834	21.385664	0
1	6	18.550891	30.551431	30.25108	20.646598	0
1	7	19.154968	29.329779	30.521058	20.994195	0
1	8	18.969357	29.535637	30.531183	20.963823	0
1	9	18.830994	29.56601	30.517684	21.085313	0
1	10	19.12122	29.279158	30.642549	20.957073	0
1	11	18.37878	29.680751	30.365821	21.557775	0.016874
1	12	18.824244	29.906857	30.068844	21.200054	0
1	13	19.111096	29.93723	29.984476	20.967198	0
1	14	18.56439	29.886609	30.092468	21.456533	0
1	15	18.584638	29.886609	30.49406	21.034692	0
1	16	19.772543	29.137419	30.112716	20.977322	0
1	17	18.618386	29.862986	30.06547	21.453159	0
1	18	18.439525	30.325324	30.392819	20.842333	0
1	19	19.009854	29.046301	30.602052	21.341793	0
1	20	18.658882	29.589633	30.737041	21.014444	0
1	21	18.341658	30.527808	30.652673	20.477862	0
1	22	18.716253	29.930481	30.463688	20.889579	0
1	23	18.756749	29.447894	31.219627	20.575729	0
1	24	18.510394	29.727997	30.926026	20.835583	0
1	25	18.891739	29.704374	30.990146	20.413742	0
1	26	18.830994	30.143089	30.429941	20.595977	0
1	27	19.104347	29.606506	30.939525	20.349622	0
1	28	18.24379	30.37932	30.909152	20.467738	0
1	29	18.847867	29.987851	30.929401	20.234881	0
1	30	18.257289	29.694249	30.652673	21.395788	0
1	31	18.50027	30.284827	30.595302	20.6196	0
1	32	18.088553	30.571679	30.895653	20.444114	0
1	33	18.510394	29.947354	31.030643	20.511609	0
1	34	18.503645	30.008099	30.541307	20.946949	0
1	35	18.473272	30.183585	30.666172	20.676971	0
1	36	18.68588	30.298326	30.737041	20.278753	0
1	37	18.412527	30.463688	30.460313	20.663472	0
1	38	18.280913	30.69317	30.598677	20.427241	0
1	39	18.463148	30.008099	30.986771	20.541982	0
1	40	18.260664	29.586258	31.948569	20.204509	0
1	41	18.071679	30.504185	31.287122	20.137014	0
1	42	18.719627	30.045221	30.703294	20.531857	0
1	43	18.149298	29.869735	31.604347	20.37662	0
1	44	18.284287	30.413067	31.135259	20.167387	0
1	45	18.598137	30.595302	30.635799	20.170761	0
1	46	18.277538	30.159962	31.239876	20.322624	0
1	47	17.977187	30.048596	31.361366	20.612851	0
1	48	18.291037	30.240956	31.142009	20.325999	0
1	49	18.334908	30.605427	30.75054	20.309125	0
1	50	18.230292	30.507559	30.834908	20.427241	0
1	51	18.095302	30.281452	31.283747	20.339498	0
1	52	17.720707	30.419816	31.462608	20.396868	0
1	53	18.486771	29.991226	31.253375	20.268629	0
1	54	18.260664	29.883234	31.118386	20.737716	0
1	55	18.102052	30.261204	31.374865	20.261879	0
1	56	18.085178	30.548056	31.138634	20.228132	0
1	57	17.882694	30.554806	30.919276	20.643224	0
1	58	18.567765	30.429941	30.615551	20.386744	0
1	59	18.004185	30.676296	31.30737	20.012149	0
1	60	18.453024	30.173461	31.115011	20.258504	0
1	61	18.19317	30.159962	31.266874	20.379995	0
1	62	18.439525	30.359071	31.067765	20.130265	0.003375
1	63	18.321409	30.328699	31.361366	19.988526	0
1	64	17.963688	30.477187	31.584098	19.975027	0
1	65	18.247165	30.399568	31.084638	20.268629	0
1	66	18.270788	30.561555	30.953024	20.214633	0
1	67	18.733126	30.004725	31.196004	20.066145	0
1	68	18.051431	30.733666	31.297246	19.917657	0
1	69	18.044681	30.645923	31.381614	19.927781	0
1	70	18.392279	30.841658	30.645923	20.12014	0
1	71	18.068305	30.575054	30.946274	20.410367	0
1	72	17.781452	31.00027	31.034017	20.18426	0
1	73	18.139174	30.753915	31.074514	20.032397	0
1	74	18.591388	30.521058	30.794411	20.093143	0
1	75	18.034557	30.625675	31.050891	20.288877	0
1	76	17.828699	30.710043	31.243251	20.218008	0
1	77	18.12905	30.352322	31.516604	19.99865	0.003375
1	78	18.213418	30.571679	31.280373	19.93453	0
1	79	18.260664	30.689795	30.470437	20.579104	0
1	80	18.237041	30.80791	31.169006	19.786042	0
1	81	18.075054	30.608801	31.182505	20.133639	0
1	82	18.206668	30.453564	30.919276	20.420491	0
1	83	18.196544	30.683045	30.953024	20.167387	0
1	84	17.902943	31.165632	30.662797	20.268629	0
1	85	18.351782	31.202754	30.325324	20.12014	0
1	86	18.355157	30.62905	31.162257	19.853537	0
1	87	18.388904	30.602052	30.926026	20.083018	0
1	88	17.886069	31.077889	30.855157	20.180886	0
1	89	17.902943	30.716793	30.912527	20.467738	0
1	90	17.99406	30.480562	31.351242	20.174136	0
1	91	17.798326	30.980022	31.054266	20.167387	0
1	92	17.933315	30.62905	31.344492	20.093143	0
1	93	18.19317	30.217333	31.351242	20.238256	0
1	94	17.825324	31.56385	30.534557	20.076269	0
1	95	18.220167	30.220707	31.391739	20.167387	0
1	96	18.091928	30.294951	31.398488	20.214633	0
1	97	18.031183	30.55818	31.418737	19.991901	0
1	98	18.25054	30.281452	31.196004	20.261879	0.010124
1	99	18.253915	30.838283	31.148758	19.759044	0
1	100	17.842198	30.716793	31.12851	20.3125	0
1	101	18.368656	30.311825	30.899028	20.420491	0
1	102	18.280913	31.061015	30.983396	19.674676	0
1	103	18.169546	30.541307	31.229752	20.059395	0
1	104	18.274163	30.369195	31.354617	20.002025	0
1	105	18.324784	30.416442	31.003645	20.25513	0
1	106	18.291037	30.865281	31.37824	19.465443	0
1	107	18.827619	30.224082	31.034017	19.914282	0
1	108	17.886069	30.645923	31.148758	20.319249	0
1	109	18.415902	30.713418	31.202754	19.667927	0
1	110	18.220167	30.62905	30.834908	20.315875	0
1	111	18.118925	30.676296	31.05764	20.147138	0
1	112	18.368656	30.146463	31.391739	20.093143	0
1	113	18.183045	31.125135	30.865281	19.826539	0
1	114	18.50027	30.551431	30.659422	20.288877	0
1	115	18.270788	30.571679	31.037392	20.12014	0
1	116	17.963688	31.455859	30.328699	20.251755	0
1	117	18.449649	30.865281	30.625675	20.059395	0
1	118	18.054806	31.020518	30.797786	20.12689	0
1	119	18.31466	30.649298	30.87203	20.164012	0
1	120	18.125675	30.440065	31.37149	20.06277	0
1	121	17.916442	30.359071	31.283747	20.44074	0
1	122	18.328159	30.089093	31.698839	19.883909	0
1	123	17.892819	30.747165	30.926026	20.43399	0
1	124	17.62284	31.142009	31.519978	19.715173	0
1	125	18.183045	30.615551	30.858531	20.342873	0
1	126	17.970437	30.949649	31.283747	19.796166	0
1	127	18.291037	31.077889	30.575054	20.056021	0
1	128	17.933315	31.472732	30.824784	19.769168	0
1	129	18.43615	30.649298	31.094762	19.819789	0
1	130	18.368656	30.912527	30.93615	19.782667	0
1	131	17.862446	31.003645	31.081263	20.052646	0
1	132	17.774703	31.25	30.851782	20.123515	0
1	133	17.956938	31.587473	30.892279	19.559935	0.003375
1	134	18.007559	30.713418	31.115011	20.164012	0
1	135	17.896193	30.568305	31.263499	20.272003	0
1	136	18.021058	30.402943	31.513229	20.06277	0
1	137	18.210043	30.571679	31.320869	19.897408	0
1	138	18.426026	30.548056	30.969897	20.056021	0
1	139	17.997435	30.966523	31.18588	19.850162	0
1	140	17.869195	31.148758	30.716793	20.265254	0
1	141	18.237041	30.953024	31.415362	19.394573	0
1	142	18.429401	30.959773	30.932775	19.678051	0
1	143	17.656587	31.476107	30.949649	19.917657	0
1	144	18.24379	30.43669	31.914822	19.404698	0
1	145	18.156048	30.949649	30.845032	20.049271	0
1	146	17.919816	30.87878	31.482856	19.718548	0
1	147	18.62851	30.335448	31.165632	19.87041	0
1	148	18.172921	30.963148	31.115011	19.74892	0
1	149	18.68588	30.460313	31.007019	19.846787	0
1	150	18.166172	31.138634	31.209503	19.485691	0
2	151	19.509314	28.87419	30.224082	21.324919	0.067495
2	152	19.225837	29.356776	29.900108	21.49703	0.020248
2	153	18.864741	29.329779	30.645923	21.159557	0
2	154	18.827619	30.278078	30.689795	20.204509	0
2	155	19.360826	29.49514	29.636879	21.507154	0
2	156	18.395653	30.048596	30.855157	20.700594	0
2	157	18.93561	29.468143	30.635799	20.960448	0
2	158	19.347327	29.218413	30.726917	20.707343	0
2	159	18.766874	29.447894	30.224082	21.56115	0
2	160	19.148218	29.663877	30.166712	21.021193	0
2	161	19.18534	30.099217	30.102592	20.612851	0
2	162	19.003105	29.640254	30.051971	21.304671	0
2	163	18.868116	29.606506	30.085718	21.43966	0
2	164	19.107721	29.515389	30.132964	21.243925	0
2	165	18.790497	29.420896	30.625675	21.156183	0.006749
2	166	18.773623	29.366901	30.662797	21.193305	0.003375
2	167	19.198839	29.572759	30.55818	20.670221	0
2	168	19.205589	28.992306	30.93615	20.865956	0
2	169	18.648758	29.781992	30.392819	21.173056	0.003375
2	170	19.12122	29.164417	30.116091	21.598272	0
2	171	18.540767	29.822489	30.777538	20.855832	0.003375
2	172	19.016604	29.424271	30.699919	20.859206	0
2	173	18.851242	29.87986	30.55818	20.710718	0
2	174	18.817495	29.906857	30.521058	20.75459	0
2	175	18.922111	29.74487	30.213958	21.11906	0
2	176	18.534017	30.011474	30.757289	20.697219	0
2	177	18.915362	30.041847	30.602052	20.44074	0
2	178	18.463148	29.839363	30.969897	20.727592	0
2	179	18.490146	29.805616	30.882154	20.822084	0
2	180	18.642009	29.599757	30.892279	20.865956	0
2	181	18.911987	29.741496	30.791037	20.555481	0
2	182	18.169546	29.906857	31.118386	20.805211	0
2	183	18.550891	29.657127	31.030643	20.761339	0
2	184	18.540767	29.765119	30.537932	21.156183	0
2	185	18.675756	30.116091	30.848407	20.359746	0
2	186	18.426026	30.12284	31.044141	20.406992	0
2	187	18.561015	30.06547	30.645923	20.727592	0
2	188	18.547516	29.970977	30.973272	20.508234	0
2	189	18.62176	29.417522	30.561555	21.399163	0
2	190	18.145923	30.87878	30.723542	20.24838	0.003375
2	191	18.415902	30.014849	30.919276	20.649973	0
2	192	18.409152	30.12284	31.054266	20.413742	0
2	193	18.530643	30.014849	30.882154	20.572354	0
2	194	18.486771	30.426566	30.966523	20.12014	0
2	195	19.003105	30.271328	30.56493	20.160637	0
2	196	18.510394	30.730292	30.669546	20.089768	0
2	197	18.412527	30.217333	30.764039	20.606102	0
2	198	18.507019	30.021598	31.101512	20.36987	0
2	199	18.615011	30.413067	30.6223	20.349622	0
2	200	18.247165	30.389444	31.050891	20.3125	0
2	201	18.682505	30.014849	30.93615	20.366496	0
2	202	18.142549	30.348947	31.273623	20.234881	0
2	203	18.4429	30.163337	31.327619	20.066145	0
2	204	18.69263	30.18696	30.953024	20.167387	0
2	205	18.294411	30.514309	31.152133	20.039147	0
2	206	18.216793	31.044141	30.922651	19.816415	0
2	207	18.334908	30.720167	30.733666	20.211258	0
2	208	18.75	30.348947	30.467063	20.43399	0
2	209	17.767954	31.341118	30.969897	19.921031	0
2	210	18.088553	30.382694	31.138634	20.390119	0
2	211	17.892819	30.409692	31.516604	20.180886	0
2	212	18.618386	30.217333	31.108261	20.056021	0
2	213	18.253915	30.213958	31.347867	20.18426	0
2	214	17.960313	29.987851	31.536852	20.514984	0
2	215	18.179671	29.910232	31.62122	20.288877	0
2	216	18.328159	30.845032	30.679671	20.147138	0
2	217	18.37203	30.348947	31.12176	20.157262	0
2	218	18.385529	29.302781	31.962068	20.349622	0
2	219	18.105427	30.551431	31.482856	19.860286	0
2	220	18.547516	30.288202	31.273623	19.890659	0
2	221	17.929941	30.342198	31.540227	20.187635	0
2	222	17.997435	30.237581	31.425486	20.339498	0
2	223	18.301161	30.787662	30.892279	20.018898	0
2	224	18.368656	30.230832	31.206129	20.194384	0
2	225	18.351782	30.264579	30.909152	20.471112	0.003375
2	226	18.679131	30.625675	30.9429	19.752295	0
2	227	18.419276	30.068844	31.438985	20.072894	0
2	228	18.365281	30.524433	31.216253	19.894033	0
2	229	17.953564	30.625675	31.148758	20.272003	0
2	230	18.253915	30.335448	31.297246	20.113391	0
2	231	18.294411	30.777538	30.959773	19.968278	0
2	232	17.754455	30.527808	31.361366	20.356371	0
2	233	18.473272	30.480562	31.054266	19.991901	0
2	234	18.375405	30.419816	31.18588	20.018898	0
2	235	18.527268	30.510934	30.659422	20.302376	0
2	236	18.125675	31.007019	30.93615	19.931156	0
2	237	18.321409	30.882154	31.155508	19.640929	0
2	238	18.206668	30.710043	31.050891	20.032397	0
2	239	18.06493	30.575054	31.428861	19.931156	0
2	240	18.328159	31.077889	31.020518	19.573434	0
2	241	18.30791	30.369195	31.266874	20.056021	0
2	242	17.983936	30.089093	31.94182	19.985151	0
2	243	18.004185	30.139714	31.762959	20.093143	0
2	244	18.469897	29.954104	31.503105	20.072894	0
2	245	17.690335	30.801161	31.800081	19.708423	0
2	246	17.99406	30.868656	30.787662	20.349622	0
2	247	17.774703	30.895653	31.884449	19.445194	0
2	248	18.031183	30.74379	31.735961	19.485691	0.003375
2	249	18.12905	30.659422	31.827079	19.384449	0
2	250	18.189795	30.419816	31.49973	19.890659	0
2	251	18.432775	30.180211	31.199379	20.187635	0
2	252	18.328159	31.030643	30.764039	19.87716	0
2	253	17.87257	30.824784	31.465983	19.836663	0
2	254	17.87932	30.929401	31.398488	19.792792	0
2	255	18.05818	30.888904	31.388364	19.664552	0
2	256	18.453024	30.645923	31.357991	19.543062	0
2	257	18.277538	30.983396	31.196004	19.543062	0
2	258	18.102052	30.453564	31.546976	19.897408	0
2	259	17.94344	30.652673	31.341118	20.06277	0
2	260	17.68696	31.486231	30.983396	19.843413	0
2	261	17.599217	31.580724	31.334368	19.485691	0
2	262	18.274163	31.165632	30.932775	19.62743	0
2	263	18.159422	30.696544	31.30737	19.836663	0
2	264	18.132424	30.953024	31.492981	19.421571	0
2	265	17.963688	30.845032	31.43561	19.75567	0
2	266	17.967063	30.69317	31.56385	19.775918	0
2	267	18.507019	31.017144	30.888904	19.586933	0
2	268	17.956938	31.101512	31.533477	19.408072	0
2	269	17.960313	30.87878	31.115011	20.045896	0
2	270	18.142549	30.713418	31.810205	19.333828	0
2	271	17.886069	31.30737	31.530103	19.276458	0
2	272	18.24379	31.00027	30.885529	19.87041	0
2	273	17.933315	31.276998	31.337743	19.451944	0
2	274	17.852322	31.276998	31.270248	19.600432	0
2	275	17.87932	30.757289	31.918197	19.445194	0
2	276	17.821949	30.87203	31.759584	19.546436	0
2	277	17.332613	31.364741	31.719087	19.583558	0
2	278	18.00081	30.905778	31.891199	19.202214	0
2	279	18.102052	31.165632	31.530103	19.202214	0
2	280	17.656587	31.155508	31.800081	19.387824	0
2	281	17.521598	30.912527	31.938445	19.62743	0
2	282	17.697084	31.739336	31.030643	19.532937	0
2	283	18.213418	30.949649	31.169006	19.664552	0.003375
2	284	17.87257	31.229752	31.233126	19.664552	0
2	285	18.135799	30.93615	31.037392	19.890659	0
2	286	17.366361	31.25	31.796706	19.586933	0
2	287	18.18642	30.882154	31.482856	19.448569	0
2	288	17.882694	30.882154	32.076809	19.158342	0
2	289	18.031183	31.142009	31.023893	19.802916	0
2	290	17.727457	31.040767	31.182505	20.049271	0
2	291	17.950189	31.374865	31.081263	19.593683	0
2	292	17.460853	31.395113	31.560475	19.583558	0
2	293	17.973812	31.25	31.455859	19.320329	0
2	294	17.940065	31.287122	31.860826	18.911987	0
2	295	18.044681	31.513229	31.243251	19.198839	0
2	296	17.818575	31.145383	31.908072	19.12797	0
2	297	17.757829	31.492981	31.368116	19.381075	0
2	298	17.727457	31.553726	31.303996	19.414822	0
2	299	17.842198	30.87203	31.634719	19.651053	0
2	300	17.869195	30.855157	31.712338	19.56331	0


