## htsjdk.samtools.metrics.StringHeader
# CollectBaseDistributionByCycle CHART_OUTPUT=NA12842.cram.collect_base_dist_by_cycle.chart.pdf INPUT=/var/lib/cwl/stga9dd0a2d-463d-46d0-89f6-1fe44dc81df8/NA12842.cram OUTPUT=NA12842.cram.collect_base_dist_by_cycle REFERENCE_SEQUENCE=/var/lib/cwl/stg96941b77-db74-4b0f-9770-e6e890695f71/Homo_sapiens_assembly38.fasta    ALIGNED_READS_ONLY=false PF_READS_ONLY=false ASSUME_SORTED=true STOP_AFTER=0 VERBOSITY=INFO QUIET=false VALIDATION_STRINGENCY=STRICT COMPRESSION_LEVEL=2 MAX_RECORDS_IN_RAM=500000 CREATE_INDEX=false CREATE_MD5_FILE=false GA4GH_CLIENT_SECRETS=client_secrets.json USE_JDK_DEFLATER=false USE_JDK_INFLATER=false
## htsjdk.samtools.metrics.StringHeader
# Started on: Fri Jul 21 08:34:21 GMT 2023

## METRICS CLASS	picard.analysis.BaseDistributionByCycleMetrics
READ_END	CYCLE	PCT_A	PCT_C	PCT_G	PCT_T	PCT_N
1	1	19.445291	28.966016	29.594636	21.975008	0.019049
1	2	19.46434	28.88601	29.263182	22.226455	0.160012
1	3	18.919537	29.735599	30.352789	20.973027	0.019049
1	4	19.075739	29.266992	30.234685	21.422585	0
1	5	19.365285	29.274611	29.377476	21.982627	0
1	6	19.616733	29.076501	30.7452	20.561567	0
1	7	19.487199	29.167937	29.777507	21.567358	0
1	8	19.205273	29.244133	29.948948	21.601646	0
1	9	19.228132	28.950777	30.268973	21.552118	0
1	10	19.182414	29.846084	30.040384	20.931119	0
1	11	19.037641	28.962207	30.596617	21.399726	0.00381
1	12	18.85477	29.449863	30.699482	20.995885	0
1	13	18.64904	29.388906	30.208016	21.754038	0
1	14	19.281469	29.31271	30.577568	20.828254	0
1	15	18.755715	29.560347	29.937519	21.746419	0
1	16	19.494819	29.133648	30.413746	20.957787	0
1	17	18.675709	29.674642	30.440415	21.209235	0
1	18	19.228132	29.080311	30.455654	21.235904	0
1	19	18.972874	29.956568	30.383267	20.68729	0
1	20	18.629991	29.686071	30.802347	20.881591	0
1	21	18.382353	29.396525	31.065224	21.155898	0
1	22	18.717617	29.29366	30.657574	21.331149	0
1	23	18.65285	29.465102	30.684243	21.197806	0
1	24	19.05288	29.247943	30.783298	20.915879	0
1	25	19.178604	29.442243	30.653764	20.725389	0
1	26	18.420451	29.994666	30.623286	20.961597	0
1	27	18.496647	30.082292	30.474703	20.946358	0
1	28	18.340445	29.71655	30.954739	20.988266	0
1	29	18.492838	29.998476	30.611856	20.89683	0
1	30	18.957635	29.884182	30.665194	20.49299	0
1	31	18.203292	29.971807	30.53566	21.289241	0
1	32	18.599512	29.70893	30.600427	21.091131	0
1	33	18.397592	29.91847	30.623286	21.060652	0
1	34	18.729046	30.227065	30.436605	20.607284	0
1	35	18.4395	30.512801	30.348979	20.69872	0
1	36	18.370923	29.590826	31.36239	20.675861	0
1	37	18.344255	30.246114	30.585187	20.824444	0
1	38	19.018592	29.92609	30.585187	20.470131	0
1	39	18.961445	30.375648	30.463273	20.199634	0
1	40	18.523316	30.863304	30.154678	20.458702	0
1	41	18.416641	30.105151	30.912831	20.565376	0
1	42	18.123286	30.352789	31.34334	20.180585	0
1	43	18.683328	29.987047	30.581378	20.748247	0
1	44	18.599512	30.150869	30.627095	20.622524	0
1	45	18.374733	30.200396	30.859494	20.565376	0
1	46	18.249009	30.192777	30.977598	20.580616	0
1	47	18.306157	30.135629	30.691862	20.866352	0
1	48	18.793813	30.173728	31.049985	19.982475	0
1	49	18.45093	29.91847	31.267144	20.363456	0
1	50	18.431881	29.975617	31.36239	20.230113	0
1	51	18.64904	30.108961	31.015696	20.226303	0
1	52	18.317586	29.487961	31.575739	20.618714	0
1	53	18.012801	29.998476	30.9395	21.049223	0
1	54	18.553795	29.823225	31.438586	20.184395	0
1	55	17.841359	30.455654	31.278574	20.424413	0
1	56	18.565224	30.7452	30.958549	19.731027	0
1	57	18.302347	30.585187	30.821396	20.29107	0
1	58	18.298537	30.166108	31.236666	20.298689	0
1	59	18.469979	30.371838	30.817586	20.340597	0
1	60	18.576653	30.272783	30.615666	20.534898	0
1	61	18.176623	30.242304	30.981408	20.599665	0
1	62	18.744285	29.983237	31.046175	20.226303	0
1	63	17.810881	30.844255	30.581378	20.763487	0
1	64	18.016611	29.945139	31.777659	20.260591	0
1	65	18.344255	30.089912	31.122371	20.443462	0
1	66	18.393782	30.592807	30.893782	20.119628	0
1	67	18.054709	30.242304	30.954739	20.748247	0
1	68	18.195672	29.693691	31.636696	20.473941	0
1	69	18.953825	29.407955	31.229046	20.409174	0
1	70	18.115666	30.886163	31.34334	19.654831	0
1	71	18.706187	30.417556	30.756629	20.119628	0
1	72	17.982322	30.166108	31.465254	20.386315	0
1	73	18.199482	30.787108	30.547089	20.466321	0
1	74	17.986132	30.036574	31.937671	20.039622	0
1	75	18.188052	30.074672	31.389058	20.348217	0
1	76	18.111856	30.215635	31.537641	20.134867	0
1	77	18.214721	30.493752	30.840445	20.451082	0
1	78	18.100427	31.061414	30.72996	20.108199	0
1	79	18.203292	30.425175	31.072844	20.298689	0
1	80	18.393782	30.394697	30.790917	20.420603	0
1	81	18.03566	30.543279	30.9395	20.48156	0
1	82	18.45093	30.608046	30.787108	20.153916	0
1	83	17.970893	30.573758	30.859494	20.595855	0
1	84	18.329016	30.291832	31.255715	20.119628	0.00381
1	85	17.951844	30.299451	30.779488	20.969217	0
1	86	18.123286	30.352789	31.255715	20.268211	0
1	87	18.329016	30.394697	31.419537	19.856751	0
1	88	18.279488	30.33755	31.373819	20.009144	0
1	89	18.287108	30.703292	30.783298	20.226303	0
1	90	18.123286	30.53947	31.278574	20.058671	0
1	91	18.226151	30.375648	31.084273	20.313929	0
1	92	18.073758	30.855684	30.954739	20.115818	0
1	93	18.165194	30.246114	31.697653	19.891039	0
1	94	17.898507	30.798537	31.168089	20.134867	0
1	95	18.732856	30.649954	30.760439	19.856751	0
1	96	18.351874	30.634715	31.667175	19.346236	0
1	97	18.077568	30.33755	31.331911	20.252972	0
1	98	18.020421	30.295642	31.632886	20.051052	0
1	99	18.03947	30.653764	31.396678	19.910088	0
1	100	18.180433	30.573758	31.55288	19.692929	0
1	101	18.557604	30.505181	30.901402	20.035812	0
1	102	18.210911	30.303261	31.377629	20.108199	0
1	103	18.344255	30.204206	31.400488	20.051052	0
1	104	18.702377	30.265163	30.920451	20.112009	0
1	105	17.719445	30.688052	31.750991	19.841512	0
1	106	18.496647	30.813776	30.585187	20.104389	0
1	107	18.226151	30.581378	30.924261	20.268211	0
1	108	18.363304	30.093721	30.863304	20.679671	0
1	109	17.974703	30.783298	30.94331	20.298689	0
1	110	18.073758	30.756629	30.783298	20.386315	0
1	111	17.898507	30.829016	31.480494	19.791984	0
1	112	18.043279	31.065224	30.608046	20.28345	0
1	113	18.348065	30.566138	31.274764	19.811033	0
1	114	18.287108	29.819415	31.56431	20.329168	0
1	115	18.149954	31.049985	30.72996	20.070101	0
1	116	18.23758	30.878543	31.015696	19.86818	0
1	117	17.753734	31.293813	31.038555	19.913898	0
1	118	18.111856	30.463273	31.023316	20.401554	0
1	119	17.82612	30.867114	31.202377	20.104389	0
1	120	18.249009	30.73377	31.042365	19.974855	0
1	121	18.523316	30.249924	31.312862	19.913898	0
1	122	18.03185	30.657574	31.15666	20.153916	0
1	123	18.660469	30.307071	31.339531	19.692929	0
1	124	17.795642	30.295642	31.75861	20.150107	0
1	125	18.409022	30.608046	30.962359	20.020573	0
1	126	17.791832	30.676623	31.34334	20.188205	0
1	127	18.012801	30.722341	31.533831	19.731027	0
1	128	18.271868	30.787108	31.110942	19.830082	0
1	129	18.588083	30.653764	30.783298	19.974855	0
1	130	17.509906	30.600427	31.164279	20.725389	0
1	131	17.61277	30.036574	32.223407	20.127248	0
1	132	18.607132	29.880372	31.434776	20.07772	0
1	133	18.108046	30.497562	31.072844	20.321548	0
1	134	18.142335	30.303261	31.232856	20.321548	0
1	135	18.454739	29.994666	31.545261	20.005334	0
1	136	18.115666	30.954739	31.126181	19.803414	0
1	137	18.397592	30.72996	30.714721	20.157726	0
1	138	18.279488	30.482322	31.061414	20.176775	0
1	139	17.738494	30.756629	31.183328	20.321548	0
1	140	18.02423	31.35858	31.019506	19.597684	0
1	141	18.077568	30.928071	31.038555	19.955806	0
1	142	18.424261	29.929899	31.34715	20.298689	0
1	143	17.597531	30.886163	31.110942	20.405364	0
1	144	18.492838	30.722341	30.558519	20.226303	0
1	145	18.172813	30.368028	31.069034	20.390125	0
1	146	18.02423	30.684243	31.286193	20.005334	0
1	147	17.997562	30.448034	31.724322	19.830082	0
1	148	18.210911	30.848065	31.095703	19.845322	0
1	149	17.902316	30.966169	31.56431	19.567205	0
1	150	17.883267	30.649954	31.381439	20.08534	0
2	151	20.195824	28.466931	29.141268	22.024535	0.171442
2	152	19.826272	28.935538	29.122219	22.093112	0.022859
2	153	18.660469	29.647973	30.211826	21.479732	0
2	154	18.84334	29.560347	30.215635	21.380677	0
2	155	19.982475	28.585035	29.632734	21.799756	0
2	156	19.136696	29.480341	30.73758	20.645383	0
2	157	19.201463	29.838464	30.143249	20.816824	0
2	158	19.384334	29.388906	29.777507	21.449253	0
2	159	19.300518	29.198415	30.234685	21.266382	0
2	160	19.06431	29.51844	29.967998	21.449253	0
2	161	19.277659	29.10317	30.444224	21.174947	0
2	162	19.26623	29.51463	29.819415	21.399726	0
2	163	19.578635	29.324139	29.861323	21.235904	0
2	164	19.224322	29.152697	30.768059	20.854922	0
2	165	19.125267	29.407955	30.649954	20.816824	0
2	166	19.418622	29.30509	29.647973	21.628315	0
2	167	18.85477	29.529869	30.451844	21.163517	0
2	168	19.235751	29.183176	30.360408	21.220664	0
2	169	18.778574	29.29366	30.581378	21.346388	0
2	170	18.953825	29.30509	30.444224	21.296861	0
2	171	18.64904	29.225084	31.309052	20.816824	0
2	172	19.300518	28.870771	30.352789	21.475922	0
2	173	19.113837	29.815605	30.291832	20.778726	0
2	174	18.988113	29.960378	30.390887	20.660622	0
2	175	18.790003	29.339378	30.764249	21.10256	0.00381
2	176	18.984304	29.446053	30.036574	21.533069	0
2	177	18.530936	29.747028	30.512801	21.209235	0
2	178	18.85096	29.472722	30.585187	21.091131	0
2	179	18.709997	29.286041	30.93569	21.068272	0
2	180	19.277659	29.286041	30.710911	20.725389	0
2	181	18.934776	29.350808	30.94331	20.771106	0
2	182	18.538555	29.907041	30.981408	20.572996	0
2	183	18.603322	29.929899	31.042365	20.424413	0
2	184	18.428071	30.11658	30.981408	20.473941	0
2	185	19.087169	29.244133	30.874733	20.793965	0
2	186	18.930966	29.537489	30.901402	20.630143	0
2	187	18.65666	29.987047	30.474703	20.881591	0
2	188	18.523316	30.063243	30.992838	20.420603	0
2	189	18.736666	29.838464	30.901402	20.523468	0
2	190	18.767144	29.899421	30.398507	20.934928	0
2	191	18.915727	29.461292	31.011887	20.611094	0
2	192	18.694758	29.255562	30.94331	21.10637	0
2	193	18.805242	29.796556	30.836635	20.561567	0
2	194	18.622371	29.967998	30.73758	20.672051	0
2	195	18.866199	29.632734	30.863304	20.637763	0
2	196	18.957635	29.735599	31.187138	20.119628	0
2	197	18.03185	30.108961	31.030936	20.828254	0
2	198	18.84715	29.941329	31.335721	19.8758	0
2	199	18.65666	29.71274	31.217617	20.412984	0
2	200	18.374733	30.288022	31.244285	20.092959	0
2	201	18.481408	29.91085	31.13761	20.470131	0
2	202	18.839531	29.453673	31.408107	20.298689	0
2	203	18.363304	30.162298	30.760439	20.713959	0
2	204	18.172813	29.255562	32.044346	20.527278	0
2	205	18.431881	29.887991	30.859494	20.820634	0
2	206	18.191862	30.623286	30.573758	20.611094	0
2	207	18.283298	29.861323	31.5605	20.29488	0
2	208	17.871838	29.71655	31.583359	20.828254	0
2	209	18.298537	29.590826	31.240475	20.870162	0
2	210	18.081378	30.3185	31.575739	20.024383	0
2	211	18.530936	29.868942	30.72996	20.870162	0
2	212	17.871838	30.802347	31.575739	19.750076	0
2	213	18.115666	29.998476	31.290003	20.595855	0
2	214	18.290917	30.074672	31.613837	20.020573	0
2	215	18.485218	30.12039	31.446205	19.948187	0
2	216	18.885248	30.1242	31.095703	19.894849	0
2	217	18.313776	29.701311	31.850046	20.134867	0
2	218	18.062329	30.425175	31.221426	20.29107	0
2	219	18.591893	30.028955	30.813776	20.565376	0
2	220	18.393782	30.356599	31.213807	20.035812	0
2	221	18.778574	29.975617	31.206187	20.039622	0
2	222	17.963273	30.261353	31.488113	20.28726	0
2	223	18.210911	30.238494	31.270954	20.27964	0
2	224	18.169003	30.307071	31.027126	20.4968	0
2	225	18.153764	30.665194	31.069034	20.104389	0.00762
2	226	18.980494	30.608046	30.688052	19.723407	0
2	227	18.557604	30.265163	31.160469	20.016763	0
2	228	18.527126	30.006096	31.103322	20.363456	0
2	229	18.256629	30.695672	31.202377	19.845322	0
2	230	18.325206	30.920451	30.916641	19.837702	0
2	231	18.340445	30.676623	31.175709	19.807223	0
2	232	18.306157	30.375648	30.73758	20.580616	0
2	233	18.359494	29.846084	31.122371	20.672051	0
2	234	18.146144	30.345169	31.373819	20.134867	0
2	235	17.864218	30.809966	31.194758	20.131058	0
2	236	18.405212	30.547089	30.989028	20.058671	0
2	237	18.431881	30.802347	30.752819	20.012953	0
2	238	18.287108	30.253734	30.874733	20.584425	0
2	239	18.176623	30.3185	31.209997	20.29488	0
2	240	17.654678	30.573758	31.54907	20.222493	0
2	241	18.271868	30.512801	31.14523	20.070101	0
2	242	18.264249	30.802347	31.133801	19.799604	0
2	243	18.378543	30.428985	30.981408	20.211064	0
2	244	18.016611	30.421365	31.457635	20.104389	0
2	245	18.43569	29.636544	31.248095	20.679671	0
2	246	17.688967	30.657574	31.575739	20.07772	0
2	247	18.02423	30.52804	31.396678	20.051052	0
2	248	18.123286	30.307071	31.469064	20.100579	0
2	249	18.527126	30.249924	31.049985	20.172966	0
2	250	17.940415	31.004267	31.004267	20.051052	0
2	251	18.180433	30.661384	30.962359	20.195824	0
2	252	18.03947	30.619476	31.450015	19.891039	0
2	253	18.523316	30.048004	31.408107	20.020573	0
2	254	18.412831	30.383267	31.472874	19.731027	0
2	255	18.401402	30.303261	31.35096	19.944377	0
2	256	18.580463	30.402316	31.35858	19.658641	0
2	257	18.374733	30.440415	30.985218	20.199634	0
2	258	17.951844	30.836635	31.217617	19.993904	0
2	259	18.069948	31.221426	30.779488	19.929137	0
2	260	18.146144	30.3185	31.133801	20.401554	0
2	261	18.279488	30.432795	31.526212	19.761506	0
2	262	18.309966	30.52804	31.110942	20.051052	0
2	263	17.959464	30.566138	31.34334	20.131058	0
2	264	18.169003	30.634715	31.507162	19.689119	0
2	265	17.8185	30.33755	31.446205	20.397745	0
2	266	17.967083	30.783298	31.248095	20.001524	0
2	267	17.780402	30.661384	31.648126	19.910088	0
2	268	17.696586	31.088083	31.129991	20.08534	0
2	269	17.513715	30.966169	31.640506	19.87961	0
2	270	17.780402	31.171899	31.164279	19.88342	0
2	271	17.852789	30.653764	31.846236	19.647211	0
2	272	18.538555	30.108961	31.430966	19.913898	0.00762
2	273	18.085187	31.057604	31.438586	19.418622	0
2	274	18.016611	30.798537	31.518592	19.66626	0
2	275	17.860408	30.752819	31.503353	19.87961	0.00381
2	276	18.260439	30.992838	31.312862	19.433862	0
2	277	17.963273	30.653764	31.503353	19.87199	0.00762
2	278	17.578482	31.236666	31.587169	19.597684	0
2	279	17.639439	31.373819	31.217617	19.769125	0
2	280	18.020421	30.657574	31.030936	20.29107	0
2	281	17.6242	30.962359	31.838616	19.574825	0
2	282	17.784212	30.897592	31.34334	19.974855	0
2	283	17.909936	30.954739	31.160469	19.974855	0
2	284	17.757543	30.931881	31.297623	20.012953	0
2	285	17.902316	31.530021	31.320482	19.247181	0
2	286	17.82993	31.000457	31.202377	19.967236	0
2	287	18.348065	30.977598	31.14142	19.532917	0
2	288	18.23377	30.726151	31.678604	19.361475	0
2	289	18.058519	30.379457	30.981408	20.580616	0
2	290	18.218531	30.94712	31.427156	19.407193	0
2	291	17.570863	31.187138	31.217617	20.024383	0
2	292	18.530936	31.084273	30.627095	19.757696	0
2	293	18.165194	30.821396	31.800518	19.212892	0
2	294	18.22996	30.779488	31.667175	19.323377	0
2	295	18.378543	31.023316	30.973788	19.624352	0
2	296	17.932795	31.099512	31.278574	19.689119	0
2	297	18.176623	31.5605	30.722341	19.536727	0.00381
2	298	17.997562	30.848065	30.985218	20.169156	0
2	299	17.807071	31.000457	31.434776	19.757696	0
2	300	17.906126	30.497562	31.777659	19.814843	0.00381


