## htsjdk.samtools.metrics.StringHeader
# CollectBaseDistributionByCycle CHART_OUTPUT=NA18549.cram.collect_base_dist_by_cycle.chart.pdf INPUT=/var/lib/cwl/stg74bd62c9-6be7-42da-b0ec-1b5877213d68/NA18549.cram OUTPUT=NA18549.cram.collect_base_dist_by_cycle REFERENCE_SEQUENCE=/var/lib/cwl/stgd79c0d50-c2c3-45de-8751-f08aa9c38c88/Homo_sapiens_assembly38.fasta    ALIGNED_READS_ONLY=false PF_READS_ONLY=false ASSUME_SORTED=true STOP_AFTER=0 VERBOSITY=INFO QUIET=false VALIDATION_STRINGENCY=STRICT COMPRESSION_LEVEL=2 MAX_RECORDS_IN_RAM=500000 CREATE_INDEX=false CREATE_MD5_FILE=false GA4GH_CLIENT_SECRETS=client_secrets.json USE_JDK_DEFLATER=false USE_JDK_INFLATER=false
## htsjdk.samtools.metrics.StringHeader
# Started on: Sun Jul 16 01:54:53 GMT 2023

## METRICS CLASS	picard.analysis.BaseDistributionByCycleMetrics
READ_END	CYCLE	PCT_A	PCT_C	PCT_G	PCT_T	PCT_N
1	1	19.18401	29.112576	30.510337	21.172471	0.020606
1	2	19.221787	28.885912	30.479429	21.368226	0.044646
1	3	18.926437	29.689539	30.115393	21.268631	0
1	4	19.129061	30.214987	30.297411	20.358541	0
1	5	18.857751	29.177828	30.283673	21.680747	0
1	6	18.727248	29.682671	30.84003	20.750052	0
1	7	18.713511	29.765094	30.204684	21.316711	0
1	8	19.142798	29.232777	30.445086	21.179339	0
1	9	19.283605	29.164091	30.575589	20.976715	0
1	10	19.046638	29.085102	31.022048	20.846212	0
1	11	18.830277	29.603682	30.458823	21.107219	0
1	12	18.548664	29.651762	30.894979	20.904595	0
1	13	18.96078	29.260251	30.551549	21.227419	0
1	14	18.902397	29.600247	30.362662	21.134693	0
1	15	18.844014	29.796002	30.20125	21.158733	0
1	16	18.871488	29.29116	30.623669	21.213682	0
1	17	18.9127	29.346109	30.493166	21.248025	0
1	18	19.060375	29.425098	30.709527	20.805	0
1	19	18.699773	29.644893	30.56872	21.086613	0
1	20	18.765025	30.077615	30.445086	20.712274	0
1	21	18.287657	29.572773	30.706092	21.433478	0
1	22	18.610481	29.754791	30.912151	20.722577	0
1	23	18.579573	29.579641	30.805687	21.035099	0
1	24	18.977952	30.067312	30.074181	20.880555	0
1	25	18.737551	29.576207	31.241844	20.444399	0
1	26	18.68947	29.603682	30.870939	20.835909	0
1	27	18.850883	30.002061	30.798819	20.348238	0
1	28	18.826843	29.878426	30.184079	21.110653	0
1	29	17.872107	30.716395	30.493166	20.918332	0
1	30	18.534927	30.067312	30.582458	20.815303	0
1	31	18.486847	30.111958	30.69579	20.705406	0
1	32	18.218971	30.10509	30.355794	21.320146	0
1	33	18.442201	29.974586	30.74387	20.839343	0
1	34	18.222405	30.17721	30.455388	21.144996	0
1	35	18.335737	30.417611	31.15942	20.087231	0
1	36	18.425029	30.245896	30.572155	20.75692	0
1	37	18.510887	30.135998	31.101037	20.252078	0
1	38	18.730682	30.266502	30.606498	20.396318	0
1	39	18.342606	29.971152	31.259015	20.427227	0
1	40	18.490281	30.245896	30.846899	20.416924	0
1	41	18.318566	29.981455	31.241844	20.458136	0
1	42	18.466241	30.311148	30.475994	20.746617	0
1	43	18.682602	30.287108	30.647709	20.382581	0
1	44	18.66543	30.242462	30.561852	20.526822	0.003434
1	45	18.524624	30.139433	30.754173	20.581771	0
1	46	19.13593	29.631156	30.774778	20.458136	0
1	47	18.153719	29.734185	30.994574	21.117522	0
1	48	18.407858	30.067312	31.104471	20.420359	0
1	49	18.181194	30.160038	31.066694	20.592074	0
1	50	18.435332	29.936809	30.706092	20.921767	0
1	51	18.359777	30.245896	30.554983	20.839343	0
1	52	17.951096	30.304279	31.190329	20.554296	0
1	53	18.215537	30.115393	31.15942	20.495913	0.013737
1	54	17.88241	29.813174	31.410124	20.883989	0.010303
1	55	18.34604	29.960849	31.107906	20.585205	0
1	56	17.875541	30.218422	31.300227	20.592074	0.013737
1	57	18.098771	30.101655	30.809122	20.98015	0.010303
1	58	18.023216	30.678618	30.771344	20.526822	0
1	59	18.411292	30.135998	31.169723	20.269249	0.013737
1	60	18.500584	30.640841	31.190329	19.657944	0.010303
1	61	18.322	30.407308	31.101037	20.169655	0
1	62	18.56927	30.565286	30.671749	20.186826	0.006869
1	63	18.445635	29.988323	30.956796	20.602377	0.006869
1	64	18.043822	30.500034	31.43073	20.025414	0
1	65	18.675733	30.187513	31.052957	20.076928	0.006869
1	66	18.600179	30.22529	30.778213	20.392884	0.003434
1	67	18.795934	29.871557	31.046088	20.279552	0.006869
1	68	18.541795	30.125695	31.276187	20.056323	0
1	69	19.060375	30.242462	30.702658	19.980768	0.013737
1	70	18.449069	30.108524	31.080431	20.361975	0
1	71	18.27392	30.609932	31.001442	20.097534	0.017172
1	72	18.648259	30.513772	30.963665	19.864002	0.010303
1	73	18.376949	30.517206	30.822859	20.282986	0
1	74	18.953912	30.269936	30.884676	19.877739	0.013737
1	75	18.404423	30.290542	30.936191	20.355107	0.013737
1	76	18.579573	30.338622	30.596195	20.471873	0.013737
1	77	17.951096	30.486297	31.142249	20.403187	0.017172
1	78	18.706642	30.469126	30.651144	20.173089	0
1	79	18.54523	29.940243	31.001442	20.499347	0.013737
1	80	18.270486	30.609932	30.702658	20.406621	0.010303
1	81	18.558967	30.160038	30.829727	20.43753	0.013737
1	82	18.64139	30.465691	30.809122	20.073494	0.010303
1	83	18.246445	30.366097	31.245278	20.14218	0
1	84	17.97857	29.63459	31.612748	20.760354	0.013737
1	85	18.260183	30.335188	31.166289	20.224603	0.013737
1	86	18.421595	30.084484	31.169723	20.324198	0
1	87	18.651693	29.754791	31.118209	20.46157	0.013737
1	88	18.29796	30.008929	31.228106	20.458136	0.006869
1	89	18.236143	30.479429	31.207501	20.076928	0
1	90	18.466241	29.830345	31.238409	20.454702	0.010303
1	91	18.469675	29.892163	31.276187	20.355107	0.006869
1	92	18.318566	30.043272	31.180026	20.458136	0
1	93	18.710076	29.826911	31.217803	20.234906	0.010303
1	94	18.109073	30.204684	31.204066	20.458136	0.02404
1	95	18.222405	30.737001	30.609932	20.430661	0
1	96	18.105639	30.565286	31.080431	20.224603	0.02404
1	97	18.243011	30.42448	31.107906	20.224603	0
1	98	18.541795	29.682671	31.561234	20.19026	0.02404
1	99	18.998558	30.554983	30.908716	19.513703	0.02404
1	100	18.332303	30.379834	31.128512	20.135311	0.02404
1	101	18.600179	30.688921	30.609932	20.100968	0
1	102	18.00261	31.052957	30.846899	20.07006	0.027474
1	103	17.920187	30.54468	31.11134	20.399753	0.02404
1	104	18.819974	29.7857	31.083866	20.286421	0.02404
1	105	18.177759	30.338622	31.341438	20.14218	0
1	106	17.971701	30.22529	31.62992	20.145614	0.027474
1	107	18.05069	30.019232	31.348307	20.557731	0.02404
1	108	18.067862	30.22529	31.186895	20.495913	0.02404
1	109	18.438766	30.057009	31.355175	20.145614	0.003434
1	110	18.198365	30.932756	30.860636	19.984202	0.02404
1	111	18.277354	30.575589	31.231541	19.912082	0.003434
1	112	18.483412	30.300845	31.234975	19.956728	0.02404
1	113	18.438766	30.355794	31.18346	20.02198	0
1	114	18.105639	30.338622	31.070128	20.465004	0.020606
1	115	18.232708	30.455388	31.118209	20.193695	0
1	116	17.951096	30.053575	31.437599	20.540559	0.017172
1	117	18.61735	30.290542	31.190329	19.89491	0.006869
1	118	18.150285	30.386702	30.850333	20.612679	0
1	119	18.473109	29.960849	31.265884	20.276118	0.02404
1	120	18.723813	30.019232	30.761041	20.495913	0
1	121	18.390686	29.984889	31.420427	20.179957	0.02404
1	122	18.236143	30.517206	30.943059	20.279552	0.02404
1	123	18.24988	30.81599	30.651144	20.282986	0
1	124	18.59331	30.524074	30.843465	20.015111	0.02404
1	125	18.160588	30.678618	31.011745	20.125009	0.02404
1	126	17.789683	30.81599	30.829727	20.564599	0
1	127	18.322	30.462257	30.69579	20.495913	0.02404
1	128	18.229274	30.149736	31.245278	20.368844	0.006869
1	129	18.060993	30.548115	31.073563	20.303592	0.013737
1	130	18.455938	31.004877	30.366097	20.173089	0
1	131	18.284223	31.289924	30.386702	20.015111	0.02404
1	132	18.455938	30.22529	31.03922	20.272684	0.006869
1	133	17.597362	30.88811	31.169723	20.334501	0.010303
1	134	18.253314	30.15317	31.272752	20.320764	0
1	135	18.66543	30.015798	30.716395	20.585205	0.017172
1	136	18.153719	30.874373	30.88811	20.076928	0.006869
1	137	18.449069	30.609932	31.289924	19.637338	0.013737
1	138	18.431898	30.235593	31.33457	19.997939	0
1	139	17.885844	30.599629	31.231541	20.279552	0.003434
1	140	18.188062	30.850333	31.001442	19.960162	0
1	141	18.318566	31.01518	30.486297	20.176523	0.003434
1	142	18.634522	30.778213	30.125695	20.458136	0.003434
1	143	18.177759	30.675184	31.365478	19.781578	0
1	144	18.531493	30.256199	31.392953	19.815921	0.003434
1	145	17.803421	30.688921	31.451336	20.056323	0
1	146	18.218971	30.836596	31.028917	19.908648	0.006869
1	147	17.772512	31.114774	31.080431	20.032282	0
1	148	18.184628	30.335188	31.31053	20.162786	0.006869
1	149	18.39412	30.510337	30.805687	20.286421	0.003434
1	150	18.146851	30.458823	31.13538	20.255512	0.003434
2	151	18.98482	28.67642	30.84003	21.337317	0.161412
2	152	19.036335	28.727935	30.342056	21.879937	0.013737
2	153	19.00886	29.706711	30.12913	21.144996	0.010303
2	154	18.438766	30.029535	30.922453	20.598942	0.010303
2	155	19.448451	28.755409	30.190947	21.584587	0.020606
2	156	18.923003	29.85782	30.658012	20.543993	0.017172
2	157	18.637956	29.085102	30.953362	21.296106	0.027474
2	158	19.390068	29.208737	30.860636	20.523388	0.017172
2	159	19.524006	29.009547	30.493166	20.945807	0.027474
2	160	19.197747	29.617419	30.527509	20.629851	0.027474
2	161	19.029466	29.146919	30.750738	21.045401	0.027474
2	162	18.988255	29.205303	30.932756	20.846212	0.027474
2	163	18.854317	29.593379	30.318016	21.206814	0.027474
2	164	18.490281	29.65863	30.510337	21.313277	0.027474
2	165	19.18401	29.150354	30.290542	21.34762	0.027474
2	166	18.589876	29.129748	30.630538	21.622364	0.027474
2	167	18.929872	29.236211	30.596195	21.203379	0.034343
2	168	18.431898	29.394189	31.028917	21.117522	0.027474
2	169	18.624219	29.644893	30.723264	20.959544	0.04808
2	170	18.819974	29.600247	30.651144	20.877121	0.051515
2	171	18.789065	29.146919	30.771344	21.237722	0.054949
2	172	18.744419	29.390755	30.843465	20.966413	0.054949
2	173	18.775328	29.648327	30.52064	20.993887	0.061817
2	174	18.93674	29.325503	30.682052	21.000756	0.054949
2	175	18.789065	29.21904	30.984271	20.949241	0.058383
2	176	18.947043	29.476612	30.970534	20.550862	0.054949
2	177	18.583007	29.29116	31.104471	20.966413	0.054949
2	178	18.294526	30.170341	30.898413	20.578336	0.058383
2	179	18.747854	29.445704	30.709527	21.048836	0.04808
2	180	18.322	29.771962	31.375781	20.475307	0.054949
2	181	17.95453	30.197816	30.836596	20.959544	0.051515
2	182	18.483412	30.252765	31.142249	20.063191	0.058383
2	183	18.737551	30.276805	30.410742	20.50965	0.065252
2	184	18.308263	29.892163	31.011745	20.722577	0.065252
2	185	18.54523	29.919637	30.819424	20.647022	0.068686
2	186	18.442201	30.139433	30.682052	20.667628	0.068686
2	187	18.218971	29.92994	31.104471	20.677931	0.068686
2	188	18.541795	30.019232	30.795384	20.574902	0.068686
2	189	18.64139	29.624287	31.169723	20.495913	0.068686
2	190	18.792499	29.679236	31.104471	20.355107	0.068686
2	191	18.160588	30.022666	31.238409	20.506216	0.07212
2	192	18.713511	30.115393	31.01518	20.076928	0.078989
2	193	18.473109	29.679236	31.186895	20.574902	0.085858
2	194	18.476544	29.919637	31.392953	20.131877	0.078989
2	195	18.531493	29.452572	31.131946	20.805	0.078989
2	196	17.775946	30.489731	31.125077	20.540559	0.068686
2	197	18.383818	30.094787	31.228106	20.224603	0.068686
2	198	18.538361	30.493166	30.757607	20.138746	0.07212
2	199	18.552098	30.111958	30.664881	20.588639	0.082423
2	200	18.528058	29.689539	31.269318	20.43753	0.075555
2	201	18.572704	30.022666	30.857202	20.468439	0.078989
2	202	18.631087	30.091352	31.155986	20.042585	0.078989
2	203	18.373515	29.902466	30.912151	20.73288	0.078989
2	204	18.421595	29.782265	31.221238	20.489045	0.085858
2	205	18.188062	30.20125	31.324267	20.200563	0.085858
2	206	18.404423	29.854386	31.252146	20.406621	0.082423
2	207	18.455938	30.067312	31.40669	19.980768	0.089292
2	208	18.64139	29.895597	30.994574	20.382581	0.085858
2	209	18.098771	29.933375	31.276187	20.605811	0.085858
2	210	18.844014	29.97802	30.750738	20.34137	0.085858
2	211	17.923621	30.712961	31.259015	20.018545	0.085858
2	212	18.212102	30.438217	30.870939	20.392884	0.085858
2	213	18.380383	29.850951	31.241844	20.430661	0.09616
2	214	18.098771	29.816608	31.324267	20.653891	0.106463
2	215	17.988873	30.534377	31.11134	20.272684	0.092726
2	216	18.328869	30.42448	31.011745	20.128443	0.106463
2	217	18.153719	30.397005	30.949928	20.392884	0.106463
2	218	18.414726	30.221856	31.283055	19.970465	0.109898
2	219	18.950477	29.83378	30.71983	20.382581	0.113332
2	220	18.504018	30.331754	31.255581	19.788447	0.120201
2	221	18.768459	30.022666	30.867505	20.224603	0.116766
2	222	18.036953	29.88186	31.684868	20.269249	0.127069
2	223	18.589876	30.019232	30.967099	20.282986	0.140806
2	224	18.833711	29.864689	31.107906	20.056323	0.137372
2	225	18.030084	30.458823	31.025483	20.344804	0.140806
2	226	18.679168	30.221856	31.228106	19.733498	0.137372
2	227	18.342606	30.026101	31.197198	20.293289	0.140806
2	228	18.390686	30.160038	31.06326	20.248643	0.137372
2	229	17.858369	30.723264	30.939625	20.337935	0.140806
2	230	18.716945	30.077615	30.59276	20.475307	0.137372
2	231	18.129679	30.410742	31.221238	20.090666	0.147675
2	232	18.322	30.149736	30.963665	20.41349	0.151109
2	233	18.2018	29.964283	31.441033	20.203998	0.188887
2	234	18.486847	29.95398	30.76791	20.626417	0.164846
2	235	17.844632	30.280239	31.420427	20.265815	0.188887
2	236	18.421595	29.861254	31.180026	20.337935	0.19919
2	237	18.782197	29.802871	30.737001	20.48561	0.192321
2	238	18.387252	30.548115	30.761041	20.128443	0.175149
2	239	18.071296	30.087918	31.581839	20.028848	0.230098
2	240	17.604231	30.726698	31.004877	20.399753	0.264441
2	241	18.459372	30.59276	30.582458	20.114706	0.250704
2	242	18.335737	29.723882	31.698606	20.02198	0.219795
2	243	17.951096	30.173776	31.375781	20.276118	0.22323
2	244	18.153719	30.685487	30.822859	20.125009	0.212927
2	245	18.339172	30.462257	30.730133	20.255512	0.212927
2	246	18.328869	30.651144	30.524074	20.272684	0.22323
2	247	18.105639	30.163473	31.152552	20.355107	0.22323
2	248	17.878975	30.293976	31.386084	20.224603	0.216361
2	249	18.091902	30.383268	31.204066	20.097534	0.22323
2	250	18.236143	30.269936	31.327701	19.829659	0.336562
2	251	18.112508	29.926506	30.692355	20.622982	0.645649
2	252	18.194931	30.936191	30.627104	19.956728	0.285047
2	253	18.07473	30.15317	31.245278	20.197129	0.329693
2	254	18.129679	30.386702	31.276187	19.884607	0.322824
2	255	17.834329	30.441651	31.245278	20.162786	0.315956
2	256	18.325434	30.149736	31.581839	19.637338	0.305653
2	257	18.504018	29.871557	31.475376	19.84683	0.302219
2	258	17.817158	30.572155	31.324267	19.977334	0.309087
2	259	17.988873	30.362662	31.465073	19.853699	0.329693
2	260	18.407858	30.397005	30.984271	19.884607	0.326259
2	261	18.02665	30.843465	30.774778	20.049454	0.305653
2	262	17.590494	30.730133	31.471942	19.89491	0.312521
2	263	18.239577	30.709527	30.785081	19.991071	0.274744
2	264	18.02665	30.293976	31.162855	20.203998	0.312521
2	265	18.191497	30.211553	31.416993	19.891476	0.288481
2	266	18.194931	30.163473	31.155986	20.203998	0.281613
2	267	18.115942	30.458823	31.403256	19.730064	0.291916
2	268	18.785631	30.750738	30.627104	19.558349	0.278178
2	269	18.036953	30.69579	30.730133	20.282986	0.254138
2	270	18.105639	30.747304	31.221238	19.654509	0.27131
2	271	18.112508	30.853767	30.919019	19.843396	0.27131
2	272	18.105639	30.946494	31.035785	19.613298	0.298784
2	273	18.263617	30.771344	31.046088	19.661378	0.257573
2	274	17.889278	31.101037	31.114774	19.613298	0.281613
2	275	17.982004	30.427914	31.162855	20.152483	0.274744
2	276	18.016347	31.06326	30.682052	19.970465	0.267876
2	277	17.937358	30.599629	31.592142	19.596126	0.274744
2	278	18.215537	29.895597	31.92527	19.664812	0.298784
2	279	17.703826	30.640841	31.434164	19.939556	0.281613
2	280	18.057559	30.706092	31.076997	19.877739	0.281613
2	281	17.947661	30.276805	31.688303	19.833093	0.254138
2	282	17.628271	30.84003	31.13538	20.14218	0.254138
2	283	17.425647	30.802253	31.513153	19.984202	0.274744
2	284	18.212102	30.534377	31.121643	19.864002	0.267876
2	285	17.70726	31.224672	31.75012	19.053506	0.264441
2	286	18.054125	30.949928	30.620235	20.0941	0.281613
2	287	18.129679	31.550931	30.702658	19.348856	0.267876
2	288	18.143416	30.785081	31.008311	19.805619	0.257573
2	289	17.957964	30.197816	31.561234	20.011677	0.27131
2	290	17.872107	30.194381	31.530325	20.152483	0.250704
2	291	18.466241	30.802253	30.987705	19.489663	0.254138
2	292	17.803421	31.042654	31.190329	19.695721	0.267876
2	293	18.22584	30.510337	31.540628	19.462188	0.261007
2	294	17.878975	30.846899	31.241844	19.764407	0.267876
2	295	17.88241	30.599629	31.238409	19.997939	0.281613
2	296	17.796552	31.001442	31.228106	19.716327	0.257573
2	297	18.387252	30.620235	31.186895	19.530874	0.274744
2	298	18.404423	30.915585	31.286489	19.132495	0.261007
2	299	17.58706	30.963665	31.245278	19.929253	0.274744
2	300	17.693523	31.066694	31.104471	19.874305	0.261007


